date, rr, since start,removed out
2019-06-13 13:39:10,392,784,
2019-06-13 13:39:10,385,1169,
2019-06-13 13:39:10,370,1539,
2019-06-13 13:39:11,351,1890,
2019-06-13 13:39:11,346,2236,
2019-06-13 13:39:12,343,2579,
2019-06-13 13:39:12,333,2912,
2019-06-13 13:39:12,323,3235,
2019-06-13 13:39:13,313,3548,
2019-06-13 13:39:13,334,3882,
2019-06-13 13:39:13,378,4260,
2019-06-13 13:39:14,379,4639,
2019-06-13 13:39:14,376,5015,
2019-06-13 13:39:14,377,5392,
2019-06-13 13:39:15,373,5765,
2019-06-13 13:39:15,355,6120,
2019-06-13 13:39:15,334,6454,
2019-06-13 13:39:16,320,6774,
2019-06-13 13:39:16,318,7092,
2019-06-13 13:39:16,304,7396,
2019-06-13 13:39:17,300,7696,
2019-06-13 13:39:17,299,7995,
2019-06-13 13:39:17,294,8289,
2019-06-13 13:39:17,292,8581,
2019-06-13 13:39:18,293,8874,
2019-06-13 13:39:18,301,9175,
2019-06-13 13:39:18,332,9507,
2019-06-13 13:39:19,333,9840,
2019-06-13 13:39:19,312,10152,
2019-06-13 13:39:19,307,10459,
2019-06-13 13:39:20,304,10763,
2019-06-13 13:39:20,302,11065,
2019-06-13 13:39:20,292,11357,
2019-06-13 13:39:21,290,11647,
2019-06-13 13:39:21,287,11934,
2019-06-13 13:39:21,282,12216,
2019-06-13 13:39:21,279,12495,
2019-06-13 13:39:22,277,12772,
2019-06-13 13:39:22,282,13054,
2019-06-13 13:39:22,277,13331,
2019-06-13 13:39:23,287,13618,
2019-06-13 13:39:23,295,13913,
2019-06-13 13:39:24,389,14302,
2019-06-13 13:39:24,523,14825,
2019-06-13 13:39:25,509,15334,
2019-06-13 13:39:25,511,15845,
2019-06-13 13:39:25,459,16304,
2019-06-13 13:39:26,449,16753,
2019-06-13 13:39:26,390,17143,
2019-06-13 13:39:27,376,17519,
2019-06-13 13:39:27,353,17872,
2019-06-13 13:39:27,327,18199,
2019-06-13 13:39:28,318,18517,
2019-06-13 13:39:28,332,18849,
2019-06-13 13:39:28,385,19234,
2019-06-13 13:39:29,410,19644,
2019-06-13 13:39:29,387,20031,
2019-06-13 13:39:30,393,20424,
2019-06-13 13:39:30,386,20810,
2019-06-13 13:39:30,382,21192,
2019-06-13 13:39:31,376,21568,
2019-06-13 13:39:31,380,21948,
2019-06-13 13:39:31,375,22323,
2019-06-13 13:39:32,378,22701,
2019-06-13 13:39:32,375,23076,
2019-06-13 13:39:34,388,23464,
2019-06-13 13:39:34,409,23873,
2019-06-13 13:39:34,450,24323,
2019-06-13 13:39:34,539,24862,
2019-06-13 13:39:35,585,25447,
2019-06-13 13:39:35,481,25928,
2019-06-13 13:39:36,441,26369,
2019-06-13 13:39:36,412,26781,
2019-06-13 13:39:36,389,27170,
2019-06-13 13:39:37,374,27544,
2019-06-13 13:39:37,360,27904,
2019-06-13 13:39:37,342,28246,
2019-06-13 13:39:38,333,28579,
2019-06-13 13:39:38,330,28909,
2019-06-13 13:39:38,322,29231,
2019-06-13 13:39:39,321,29552,
2019-06-13 13:39:39,316,29868,
2019-06-13 13:39:39,312,30180,
2019-06-13 13:39:39,311,30491,
2019-06-13 13:39:40,302,30793,
2019-06-13 13:39:40,307,31100,
2019-06-13 13:39:40,311,31411,
2019-06-13 13:39:41,331,31742,
2019-06-13 13:39:41,375,32117,
2019-06-13 13:39:42,411,32528,
2019-06-13 13:39:42,405,32933,
2019-06-13 13:39:42,396,33329,
2019-06-13 13:39:43,391,33720,
2019-06-13 13:39:43,378,34098,
2019-06-13 13:39:43,363,34461,
2019-06-13 13:39:44,341,34802,
2019-06-13 13:39:44,333,35135,
2019-06-13 13:39:44,329,35464,
2019-06-13 13:39:45,339,35803,
2019-06-13 13:39:45,359,36162,
2019-06-13 13:39:46,407,36569,
2019-06-13 13:39:46,416,36985,
2019-06-13 13:39:47,441,37426,
2019-06-13 13:39:47,435,37861,
2019-06-13 13:39:47,433,38294,
2019-06-13 13:39:48,433,38727,
2019-06-13 13:39:48,430,39157,
2019-06-13 13:39:49,439,39596,
2019-06-13 13:39:49,444,40040,
2019-06-13 13:39:50,483,40523,
2019-06-13 13:39:50,475,40998,
2019-06-13 13:39:51,434,41432,
2019-06-13 13:39:51,415,41847,
2019-06-13 13:39:51,407,42254,
2019-06-13 13:39:52,394,42648,
2019-06-13 13:39:52,382,43030,
2019-06-13 13:39:52,371,43401,
2019-06-13 13:39:53,343,43744,
2019-06-13 13:39:53,321,44065,
2019-06-13 13:39:53,308,44373,
2019-06-13 13:39:54,298,44671,
2019-06-13 13:39:54,294,44965,
2019-06-13 13:39:54,284,45249,
2019-06-13 13:39:54,286,45535,
2019-06-13 13:39:55,287,45822,
2019-06-13 13:39:55,284,46106,
2019-06-13 13:39:55,307,46413,
2019-06-13 13:39:56,301,46714,
2019-06-13 13:39:56,371,47085,
2019-06-13 13:39:57,364,47449,
2019-06-13 13:39:57,391,47840,
2019-06-13 13:39:57,394,48234,
2019-06-13 13:39:58,381,48615,
2019-06-13 13:39:58,375,48990,
2019-06-13 13:39:58,370,49360,
2019-06-13 13:39:59,351,49711,
2019-06-13 13:39:59,338,50049,
2019-06-13 13:39:59,322,50371,
2019-06-13 13:40:00,313,50684,
2019-06-13 13:40:00,308,50992,
2019-06-13 13:40:00,302,51294,
2019-06-13 13:40:01,295,51589,
2019-06-13 13:40:01,295,51884,
2019-06-13 13:40:01,290,52174,
2019-06-13 13:40:01,299,52473,
2019-06-13 13:40:02,317,52790,
2019-06-13 13:40:02,350,53140,
2019-06-13 13:40:03,398,53538,
2019-06-13 13:40:03,403,53941,
2019-06-13 13:40:04,429,54370,
2019-06-13 13:40:04,421,54791,
2019-06-13 13:40:04,416,55207,
2019-06-13 13:40:05,419,55626,
2019-06-13 13:40:05,401,56027,
2019-06-13 13:40:07,399,56426,
2019-06-13 13:40:07,381,56807,
2019-06-13 13:40:07,375,57182,
2019-06-13 13:40:08,368,57550,
2019-06-13 13:40:08,358,57908,
2019-06-13 13:40:08,339,58247,
2019-06-13 13:40:08,335,58582,
2019-06-13 13:40:08,327,58909,
2019-06-13 13:40:08,324,59233,
2019-06-13 13:40:10,324,59557,
2019-06-13 13:40:10,319,59876,
2019-06-13 13:40:10,325,60201,
2019-06-13 13:40:11,327,60528,
2019-06-13 13:40:11,316,60844,
2019-06-13 13:40:11,313,61157,
2019-06-13 13:40:11,312,61469,
2019-06-13 13:40:11,308,61777,
2019-06-13 13:40:11,303,62080,
2019-06-13 13:40:11,308,62388,
2019-06-13 13:40:12,317,62705,
2019-06-13 13:40:12,311,63016,
2019-06-13 13:40:12,309,63325,
2019-06-13 13:40:13,324,63649,
2019-06-13 13:40:13,316,63965,
2019-06-13 13:40:13,311,64276,
2019-06-13 13:40:14,318,64594,
2019-06-13 13:40:14,329,64923,
2019-06-13 13:40:14,346,65269,
2019-06-13 13:40:15,352,65621,
2019-06-13 13:40:15,350,65971,
2019-06-13 13:40:15,337,66308,
2019-06-13 13:40:16,330,66638,
2019-06-13 13:40:16,333,66971,
2019-06-13 13:40:16,332,67303,
2019-06-13 13:40:17,325,67628,
2019-06-13 13:40:17,336,67964,
2019-06-13 13:40:17,325,68289,
2019-06-13 13:40:18,319,68608,
2019-06-13 13:40:18,323,68931,
2019-06-13 13:40:18,322,69253,
2019-06-13 13:40:19,322,69575,
2019-06-13 13:40:19,325,69900,
2019-06-13 13:40:19,331,70231,
2019-06-13 13:40:20,336,70567,
2019-06-13 13:40:20,331,70898,
2019-06-13 13:40:20,351,71249,
2019-06-13 13:40:21,344,71593,
2019-06-13 13:40:21,355,71948,
2019-06-13 13:40:21,374,72322,
2019-06-13 13:40:22,386,72708,
2019-06-13 13:40:22,375,73083,
2019-06-13 13:40:23,371,73454,
2019-06-13 13:40:23,359,73813,
2019-06-13 13:40:23,349,74162,
2019-06-13 13:40:24,336,74498,
2019-06-13 13:40:24,328,74826,
2019-06-13 13:40:24,337,75163,
2019-06-13 13:40:25,325,75488,
2019-06-13 13:40:25,322,75810,
2019-06-13 13:40:25,339,76149,
2019-06-13 13:40:26,325,76474,
2019-06-13 13:40:26,323,76797,
2019-06-13 13:40:26,334,77131,
2019-06-13 13:40:27,349,77480,
2019-06-13 13:40:27,372,77852,
2019-06-13 13:40:27,386,78238,
2019-06-13 13:40:28,400,78638,
2019-06-13 13:40:28,392,79030,
2019-06-13 13:40:29,390,79420,
2019-06-13 13:40:29,389,79809,
2019-06-13 13:40:29,387,80196,
2019-06-13 13:40:30,380,80576,
2019-06-13 13:40:30,373,80949,
2019-06-13 13:40:30,371,81320,
2019-06-13 13:40:31,362,81682,
2019-06-13 13:40:31,354,82036,
2019-06-13 13:40:31,343,82379,
2019-06-13 13:40:32,331,82710,
2019-06-13 13:40:32,324,83034,
2019-06-13 13:40:32,313,83347,
2019-06-13 13:40:33,310,83657,
2019-06-13 13:40:33,305,83962,
2019-06-13 13:40:33,300,84262,
2019-06-13 13:40:34,293,84555,
2019-06-13 13:40:34,293,84848,
2019-06-13 13:40:34,293,85141,
2019-06-13 13:40:34,285,85426,
2019-06-13 13:40:35,290,85716,
2019-06-13 13:40:35,285,86001,
2019-06-13 13:40:35,285,86286,
2019-06-13 13:40:36,292,86578,
2019-06-13 13:40:36,333,86911,
2019-06-13 13:40:36,332,87243,
2019-06-13 13:40:37,317,87560,
2019-06-13 13:40:37,307,87867,
2019-06-13 13:40:37,310,88177,
2019-06-13 13:40:38,305,88482,
2019-06-13 13:40:38,311,88793,
2019-06-13 13:40:38,355,89148,
2019-06-13 13:40:39,337,89485,
2019-06-13 13:40:39,344,89829,
2019-06-13 13:40:39,343,90172,
2019-06-13 13:40:40,362,90534,
2019-06-13 13:40:40,354,90888,
2019-06-13 13:40:40,370,91258,
2019-06-13 13:40:41,375,91633,
2019-06-13 13:40:41,370,92003,
2019-06-13 13:40:41,368,92371,
2019-06-13 13:40:42,356,92727,
2019-06-13 13:40:42,348,93075,
2019-06-13 13:40:42,343,93418,
2019-06-13 13:40:43,338,93756,
2019-06-13 13:40:43,338,94094,
2019-06-13 13:40:43,317,94411,
2019-06-13 13:40:44,317,94728,
2019-06-13 13:40:44,306,95034,
2019-06-13 13:40:44,300,95334,
2019-06-13 13:40:45,293,95627,
2019-06-13 13:40:45,287,95914,
2019-06-13 13:40:45,285,96199,
2019-06-13 13:40:45,282,96481,
2019-06-13 13:40:46,282,96763,
2019-06-13 13:40:46,278,97041,
2019-06-13 13:40:46,274,97315,
2019-06-13 13:40:48,272,97587,
2019-06-13 13:40:48,267,97854,
2019-06-13 13:40:48,269,98123,
2019-06-13 13:40:48,270,98393,
2019-06-13 13:40:48,267,98660,
2019-06-13 13:40:48,271,98931,
2019-06-13 13:40:48,272,99203,
2019-06-13 13:40:48,276,99479,
2019-06-13 13:40:50,272,99751,
2019-06-13 13:40:50,275,100026,
2019-06-13 13:40:50,290,100316,
2019-06-13 13:40:50,297,100613,
2019-06-13 13:40:50,315,100928,
2019-06-13 13:40:50,342,101270,
2019-06-13 13:40:51,360,101630,
2019-06-13 13:40:51,383,102013,
2019-06-13 13:40:52,382,102395,
2019-06-13 13:40:52,385,102780,
2019-06-13 13:40:52,390,103170,
2019-06-13 13:40:53,375,103545,
2019-06-13 13:40:53,362,103907,
2019-06-13 13:40:53,352,104259,
2019-06-13 13:40:54,333,104592,
2019-06-13 13:40:54,316,104908,
2019-06-13 13:40:54,323,105231,
2019-06-13 13:40:55,369,105600,
2019-06-13 13:40:55,370,105970,
2019-06-13 13:40:56,374,106344,
2019-06-13 13:40:56,387,106731,
2019-06-13 13:40:56,396,107127,
2019-06-13 13:40:57,403,107530,
2019-06-13 13:40:57,405,107935,
2019-06-13 13:40:58,420,108355,
2019-06-13 13:40:58,458,108813,
2019-06-13 13:40:59,461,109274,
2019-06-13 13:40:59,440,109714,
2019-06-13 13:40:59,423,110137,
2019-06-13 13:41:00,405,110542,
2019-06-13 13:41:00,389,110931,
2019-06-13 13:41:00,366,111297,
2019-06-13 13:41:01,339,111636,
2019-06-13 13:41:01,320,111956,
2019-06-13 13:41:01,303,112259,
2019-06-13 13:41:02,297,112556,
2019-06-13 13:41:02,290,112846,
2019-06-13 13:41:02,284,113130,
2019-06-13 13:41:02,277,113407,
2019-06-13 13:41:03,278,113685,
2019-06-13 13:41:03,277,113962,
2019-06-13 13:41:03,274,114236,
2019-06-13 13:41:04,283,114519,
2019-06-13 13:41:04,291,114810,
2019-06-13 13:41:04,301,115111,
2019-06-13 13:41:04,298,115409,
2019-06-13 13:41:05,303,115712,
2019-06-13 13:41:05,326,116038,
2019-06-13 13:41:05,321,116359,
2019-06-13 13:41:06,318,116677,
2019-06-13 13:41:06,333,117010,
2019-06-13 13:41:06,320,117330,
2019-06-13 13:41:07,320,117650,
2019-06-13 13:41:07,316,117966,
2019-06-13 13:41:07,321,118287,
2019-06-13 13:41:08,332,118619,
2019-06-13 13:41:08,367,118986,
2019-06-13 13:41:09,380,119366,
2019-06-13 13:41:09,374,119740,
2019-06-13 13:41:09,396,120136,
2019-06-13 13:41:10,400,120536,
2019-06-13 13:41:10,388,120924,
2019-06-13 13:41:11,381,121305,
2019-06-13 13:41:11,389,121694,
2019-06-13 13:41:11,382,122076,
2019-06-13 13:41:12,376,122452,
2019-06-13 13:41:12,376,122828,
2019-06-13 13:41:12,365,123193,
2019-06-13 13:41:13,361,123554,
2019-06-13 13:41:13,402,123956,
2019-06-13 13:41:14,408,124364,
2019-06-13 13:41:14,430,124794,
2019-06-13 13:41:15,431,125225,
2019-06-13 13:41:15,423,125648,
2019-06-13 13:41:15,426,126074,
2019-06-13 13:41:16,424,126498,
2019-06-13 13:41:16,469,126967,
2019-06-13 13:41:17,534,127501,
2019-06-13 13:41:17,444,127945,
2019-06-13 13:41:18,427,128372,
2019-06-13 13:41:18,416,128788,
2019-06-13 13:41:18,393,129181,
2019-06-13 13:41:19,384,129565,
2019-06-13 13:41:19,381,129946,
2019-06-13 13:41:19,378,130324,
2019-06-13 13:41:20,370,130694,
2019-06-13 13:41:20,376,131070,
2019-06-13 13:41:21,390,131460,
2019-06-13 13:41:21,405,131865,
2019-06-13 13:41:22,399,132264,
2019-06-13 13:41:22,402,132666,
2019-06-13 13:41:22,388,133054,
2019-06-13 13:41:23,382,133436,
2019-06-13 13:41:23,370,133806,
2019-06-13 13:41:23,356,134162,
2019-06-13 13:41:24,342,134504,
2019-06-13 13:41:24,330,134834,
2019-06-13 13:41:24,319,135153,
2019-06-13 13:41:25,321,135474,
2019-06-13 13:41:25,311,135785,
2019-06-13 13:41:25,321,136106,
2019-06-13 13:41:26,331,136437,
2019-06-13 13:41:26,337,136774,
2019-06-13 13:41:26,317,137091,
2019-06-13 13:41:27,320,137411,
2019-06-13 13:41:27,315,137726,
2019-06-13 13:41:27,315,138041,
2019-06-13 13:41:27,305,138346,
2019-06-13 13:41:28,301,138647,
2019-06-13 13:41:28,303,138950,
2019-06-13 13:41:28,308,139258,
2019-06-13 13:41:29,323,139581,
2019-06-13 13:41:29,375,139956,
2019-06-13 13:41:30,396,140352,
2019-06-13 13:41:30,427,140779,
2019-06-13 13:41:31,448,141227,
2019-06-13 13:41:31,475,141702,
2019-06-13 13:41:32,500,142202,
2019-06-13 13:41:32,488,142690,
2019-06-13 13:41:33,468,143158,
2019-06-13 13:41:33,481,143639,
2019-06-13 13:41:34,537,144176,
2019-06-13 13:41:34,542,144718,
2019-06-13 13:41:35,590,145308,
2019-06-13 13:41:35,546,145854,
2019-06-13 13:41:36,644,146498,
2019-06-13 13:41:36,451,146949,
2019-06-13 13:41:37,438,147387,
2019-06-13 13:41:38,469,147856,
2019-06-13 13:41:38,692,148548,
2019-06-13 13:41:39,788,149336,
2019-06-13 13:41:40,670,150006,
2019-06-13 13:41:41,656,150662,
2019-06-13 13:41:41,735,151397,
2019-06-13 13:41:42,665,152062,
2019-06-13 13:41:43,663,152725,
2019-06-13 13:41:43,793,153518,
2019-06-13 13:41:44,676,154194,
2019-06-13 13:41:45,734,154928,
2019-06-13 13:41:45,750,155678,
2019-06-13 13:41:46,668,156346,
2019-06-13 13:41:46,583,156929,
2019-06-13 13:41:47,515,157444,
2019-06-13 13:41:48,523,157967,
2019-06-13 13:41:48,515,158482,
2019-06-13 13:41:48,526,159008,
2019-06-13 13:41:49,494,159502,
2019-06-13 13:41:49,449,159951,
2019-06-13 13:41:50,464,160415,
2019-06-13 13:41:51,569,160984,
2019-06-13 13:41:52,648,161632,
2019-06-13 13:41:52,722,162354,
2019-06-13 13:41:53,766,163120,
2019-06-13 13:41:54,808,163928,
2019-06-13 13:41:54,831,164759,
2019-06-13 13:41:55,616,165375,
2019-06-13 13:41:56,575,165950,
2019-06-13 13:41:56,557,166507,
2019-06-13 13:41:57,603,167110,
2019-06-13 13:41:57,610,167720,
2019-06-13 13:41:58,587,168307,
2019-06-13 13:41:58,503,168810,
2019-06-13 13:41:59,503,169313,
2019-06-13 13:41:59,487,169800,
2019-06-13 13:42:00,480,170280,
2019-06-13 13:42:00,481,170761,
2019-06-13 13:42:01,466,171227,
2019-06-13 13:42:01,461,171688,
2019-06-13 13:42:02,451,172139,
2019-06-13 13:42:02,458,172597,
2019-06-13 13:42:03,481,173078,
2019-06-13 13:42:03,485,173563,
2019-06-13 13:42:04,491,174054,
2019-06-13 13:42:04,505,174559,
2019-06-13 13:42:05,538,175097,
2019-06-13 13:42:05,565,175662,
2019-06-13 13:42:06,611,176273,
2019-06-13 13:42:07,669,176942,
2019-06-13 13:42:07,634,177576,
2019-06-13 13:42:08,643,178219,
2019-06-13 13:42:09,625,178844,
2019-06-13 13:42:09,615,179459,
2019-06-13 13:42:10,635,180094,
2019-06-13 13:42:11,675,180769,
2019-06-13 13:42:11,674,181443,
2019-06-13 13:42:12,676,182119,
2019-06-13 13:42:13,649,182768,
2019-06-13 13:42:13,632,183400,
2019-06-13 13:42:14,627,184027,
2019-06-13 13:42:14,631,184658,
2019-06-13 13:42:15,628,185286,
2019-06-13 13:42:16,703,185989,
2019-06-13 13:42:16,626,186615,
2019-06-13 13:42:17,636,187251,
2019-06-13 13:42:18,669,187920,
2019-06-13 13:42:18,634,188554,
2019-06-13 13:42:19,625,189179,
2019-06-13 13:42:20,625,189804,
2019-06-13 13:42:20,629,190433,
2019-06-13 13:42:21,603,191036,
2019-06-13 13:42:21,585,191621,
2019-06-13 13:42:22,515,192136,
2019-06-13 13:42:22,477,192613,
2019-06-13 13:42:23,580,193193,
2019-06-13 13:42:24,595,193788,
2019-06-13 13:42:24,607,194395,
2019-06-13 13:42:25,611,195006,
2019-06-13 13:42:25,623,195629,
2019-06-13 13:42:26,609,196238,
2019-06-13 13:42:27,593,196831,
2019-06-13 13:42:27,649,197480,
2019-06-13 13:42:28,647,198127,
2019-06-13 13:42:29,652,198779,
2019-06-13 13:42:29,695,199474,
2019-06-13 13:42:30,641,200115,
2019-06-13 13:42:31,633,200748,
2019-06-13 13:42:31,660,201408,
2019-06-13 13:42:33,669,202077,
2019-06-13 13:42:33,596,202673,
2019-06-13 13:42:33,574,203247,
2019-06-13 13:42:34,591,203838,
2019-06-13 13:42:34,620,204458,
2019-06-13 13:42:35,653,205111,
2019-06-13 13:42:35,549,205660,
2019-06-13 13:42:36,541,206201,
2019-06-13 13:42:36,489,206690,
2019-06-13 13:42:37,468,207158,
2019-06-13 13:42:37,460,207618,
2019-06-13 13:42:38,449,208067,
2019-06-13 13:42:38,481,208548,
2019-06-13 13:42:39,483,209031,
2019-06-13 13:42:39,493,209524,
2019-06-13 13:42:41,487,210011,
2019-06-13 13:42:41,493,210504,
2019-06-13 13:42:41,502,211006,
2019-06-13 13:42:41,525,211531,
2019-06-13 13:42:42,536,212067,
2019-06-13 13:42:42,628,212695,
2019-06-13 13:42:43,647,213342,
2019-06-13 13:42:44,652,213994,
2019-06-13 13:42:45,706,214700,
2019-06-13 13:42:45,712,215412,
2019-06-13 13:42:46,640,216052,
2019-06-13 13:42:47,637,216689,
2019-06-13 13:42:47,653,217342,
2019-06-13 13:42:48,692,218034,
2019-06-13 13:42:49,697,218731,
2019-06-13 13:42:50,742,219473,
2019-06-13 13:42:50,671,220144,
2019-06-13 13:42:51,815,220959,
2019-06-13 13:42:51,641,221600,
2019-06-13 13:42:52,592,222192,
2019-06-13 13:42:53,698,222890,
2019-06-13 13:42:53,654,223544,
2019-06-13 13:42:54,704,224248,
2019-06-13 13:42:55,645,224893,
2019-06-13 13:42:55,729,225622,
2019-06-13 13:42:56,716,226338,
2019-06-13 13:42:57,585,226923,
2019-06-13 13:42:57,571,227494,
2019-06-13 13:42:58,593,228087,
2019-06-13 13:42:59,634,228721,
2019-06-13 13:42:59,644,229365,
2019-06-13 13:43:00,644,230009,
2019-06-13 13:43:01,801,230810,
2019-06-13 13:43:01,595,231405,
2019-06-13 13:43:02,586,231991,
2019-06-13 13:43:02,567,232558,
2019-06-13 13:43:03,569,233127,
2019-06-13 13:43:03,567,233694,
2019-06-13 13:43:04,618,234312,
2019-06-13 13:43:05,639,234951,
2019-06-13 13:43:05,583,235534,
2019-06-13 13:43:06,519,236053,
2019-06-13 13:43:06,536,236589,
2019-06-13 13:43:07,533,237122,
2019-06-13 13:43:07,537,237659,
2019-06-13 13:43:08,519,238178,
2019-06-13 13:43:08,543,238721,
2019-06-13 13:43:09,551,239272,
2019-06-13 13:43:09,611,239883,
2019-06-13 13:43:10,555,240438,
2019-06-13 13:43:11,519,240957,
2019-06-13 13:43:11,536,241493,
2019-06-13 13:43:12,529,242022,
2019-06-13 13:43:12,521,242543,
2019-06-13 13:43:13,504,243047,
2019-06-13 13:43:13,502,243549,
2019-06-13 13:43:14,505,244054,
2019-06-13 13:43:14,490,244544,
2019-06-13 13:43:15,506,245050,
2019-06-13 13:43:15,519,245569,
2019-06-13 13:43:16,757,246326,
2019-06-13 13:43:17,571,246897,
2019-06-13 13:43:18,816,247713,
2019-06-13 13:43:18,623,248336,
2019-06-13 13:43:19,791,249127,
2019-06-13 13:43:20,589,249716,
2019-06-13 13:43:20,875,250591,
2019-06-13 13:43:21,616,251207,
2019-06-13 13:43:23,611,251818,
2019-06-13 13:43:23,643,252461,
2019-06-13 13:43:24,624,253085,
2019-06-13 13:43:24,786,253871,
2019-06-13 13:43:24,631,254502,
2019-06-13 13:43:25,552,255054,
2019-06-13 13:43:26,730,255784,
2019-06-13 13:43:26,639,256423,
2019-06-13 13:43:27,712,257135,
2019-06-13 13:43:28,796,257931,
2019-06-13 13:43:28,616,258547,
2019-06-13 13:43:29,582,259129,
2019-06-13 13:43:29,574,259703,
2019-06-13 13:43:30,572,260275,
2019-06-13 13:43:30,540,260815,
2019-06-13 13:43:31,509,261324,
2019-06-13 13:43:31,485,261809,
2019-06-13 13:43:32,537,262346,
2019-06-13 13:43:33,539,262885,
2019-06-13 13:43:33,528,263413,
2019-06-13 13:43:34,583,263996,
2019-06-13 13:43:34,579,264575,
2019-06-13 13:43:35,532,265107,
2019-06-13 13:43:35,478,265585,
2019-06-13 13:43:35,462,266047,
2019-06-13 13:43:36,439,266486,
2019-06-13 13:43:36,418,266904,
2019-06-13 13:43:37,400,267304,
2019-06-13 13:43:37,383,267687,
2019-06-13 13:43:37,374,268061,
2019-06-13 13:43:38,356,268417,
2019-06-13 13:43:38,344,268761,
2019-06-13 13:43:38,333,269094,
2019-06-13 13:43:39,318,269412,
2019-06-13 13:43:39,313,269725,
2019-06-13 13:43:39,305,270030,
2019-06-13 13:43:39,298,270328,
2019-06-13 13:43:40,291,270619,
2019-06-13 13:43:40,286,270905,
2019-06-13 13:43:40,284,271189,
2019-06-13 13:43:41,288,271477,
2019-06-13 13:43:41,283,271760,
2019-06-13 13:43:41,276,272036,
2019-06-13 13:43:41,282,272318,
2019-06-13 13:43:42,281,272599,
2019-06-13 13:43:42,281,272880,
2019-06-13 13:43:42,295,273175,
2019-06-13 13:43:43,299,273474,
2019-06-13 13:43:43,305,273779,
2019-06-13 13:43:43,304,274083,
2019-06-13 13:43:44,323,274406,
2019-06-13 13:43:44,321,274727,
2019-06-13 13:43:44,347,275074,
2019-06-13 13:43:45,355,275429,
2019-06-13 13:43:45,368,275797,
2019-06-13 13:43:46,375,276172,
2019-06-13 13:43:46,408,276580,
2019-06-13 13:43:46,407,276987,
2019-06-13 13:43:47,413,277400,
2019-06-13 13:43:47,431,277831,
2019-06-13 13:43:48,416,278247,
2019-06-13 13:43:48,394,278641,
2019-06-13 13:43:48,397,279038,
2019-06-13 13:43:49,371,279409,
2019-06-13 13:43:49,372,279781,
2019-06-13 13:43:50,397,280178,
2019-06-13 13:43:50,498,280676,
2019-06-13 13:43:51,456,281132,
2019-06-13 13:43:51,586,281718,
2019-06-13 13:43:52,577,282295,
2019-06-13 13:43:52,487,282782,
2019-06-13 13:43:53,553,283335,
2019-06-13 13:43:53,448,283783,
2019-06-13 13:43:55,664,284447,
2019-06-13 13:43:55,484,284931,
2019-06-13 13:43:55,561,285492,
2019-06-13 13:43:56,463,285955,
2019-06-13 13:43:56,752,286707,
2019-06-13 13:43:57,548,287255,
2019-06-13 13:43:57,470,287725,
2019-06-13 13:43:58,540,288265,
2019-06-13 13:43:58,475,288740,
2019-06-13 13:43:59,517,289257,
2019-06-13 13:44:00,458,289715,
2019-06-13 13:44:00,653,290368,
2019-06-13 13:44:02,607,290975,
2019-06-13 13:44:02,514,291489,
2019-06-13 13:44:02,604,292093,
2019-06-13 13:44:02,511,292604,
2019-06-13 13:44:03,475,293079,
2019-06-13 13:44:03,490,293569,
2019-06-13 13:44:04,458,294027,
2019-06-13 13:44:04,492,294519,
2019-06-13 13:44:04,448,294967,
2019-06-13 13:44:05,479,295446,
2019-06-13 13:44:05,452,295898,
2019-06-13 13:44:06,461,296359,
2019-06-13 13:44:06,520,296879,
2019-06-13 13:44:07,477,297356,
2019-06-13 13:44:07,503,297859,
2019-06-13 13:44:08,482,298341,
2019-06-13 13:44:08,475,298816,
2019-06-13 13:44:09,483,299299,
2019-06-13 13:44:09,480,299779,
2019-06-13 13:44:10,463,300242,
2019-06-13 13:44:10,455,300697,
2019-06-13 13:44:11,456,301153,
2019-06-13 13:44:11,488,301641,
2019-06-13 13:44:12,501,302142,
2019-06-13 13:44:12,637,302779,
2019-06-13 13:44:13,540,303319,
2019-06-13 13:44:14,543,303862,
2019-06-13 13:44:14,568,304430,
2019-06-13 13:44:15,558,304988,
2019-06-13 13:44:15,542,305530,
2019-06-13 13:44:16,502,306032,
2019-06-13 13:44:16,481,306513,
2019-06-13 13:44:17,470,306983,
2019-06-13 13:44:17,474,307457,
2019-06-13 13:44:17,485,307942,
2019-06-13 13:44:18,481,308423,
2019-06-13 13:44:18,448,308871,
2019-06-13 13:44:19,426,309297,
2019-06-13 13:44:19,399,309696,
2019-06-13 13:44:19,376,310072,
2019-06-13 13:44:20,358,310430,
2019-06-13 13:44:20,344,310774,
2019-06-13 13:44:20,334,311108,
2019-06-13 13:44:21,325,311433,
2019-06-13 13:44:21,324,311757,
2019-06-13 13:44:21,320,312077,
2019-06-13 13:44:22,314,312391,
2019-06-13 13:44:22,311,312702,
2019-06-13 13:44:22,311,313013,
2019-06-13 13:44:23,307,313320,
2019-06-13 13:44:23,303,313623,
2019-06-13 13:44:23,312,313935,
2019-06-13 13:44:23,304,314239,
2019-06-13 13:44:24,300,314539,
2019-06-13 13:44:24,302,314841,
2019-06-13 13:44:24,295,315136,
2019-06-13 13:44:25,299,315435,
2019-06-13 13:44:25,304,315739,
2019-06-13 13:44:25,298,316037,
2019-06-13 13:44:26,300,316337,
2019-06-13 13:44:26,303,316640,
2019-06-13 13:44:26,302,316942,
2019-06-13 13:44:26,302,317244,
2019-06-13 13:44:27,308,317552,
2019-06-13 13:44:27,305,317857,
2019-06-13 13:44:27,306,318163,
2019-06-13 13:44:28,310,318473,
2019-06-13 13:44:28,313,318786,
2019-06-13 13:44:28,322,319108,
2019-06-13 13:44:29,333,319441,
2019-06-13 13:44:29,342,319783,
2019-06-13 13:44:30,376,320159,
2019-06-13 13:44:30,399,320558,
2019-06-13 13:44:30,387,320945,
2019-06-13 13:44:31,402,321347,
2019-06-13 13:44:31,417,321764,
2019-06-13 13:44:32,429,322193,
2019-06-13 13:44:32,455,322648,
2019-06-13 13:44:33,416,323064,
2019-06-13 13:44:33,411,323475,
2019-06-13 13:44:33,414,323889,
2019-06-13 13:44:34,409,324298,
2019-06-13 13:44:34,404,324702,
2019-06-13 13:44:34,391,325093,
2019-06-13 13:44:35,375,325468,
2019-06-13 13:44:35,363,325831,
2019-06-13 13:44:36,370,326201,
2019-06-13 13:44:36,374,326575,
2019-06-13 13:44:36,405,326980,
2019-06-13 13:44:37,412,327392,
2019-06-13 13:44:37,440,327832,
2019-06-13 13:44:38,431,328263,
2019-06-13 13:44:38,454,328717,
2019-06-13 13:44:39,437,329154,
2019-06-13 13:44:39,433,329587,
2019-06-13 13:44:39,418,330005,
2019-06-13 13:44:40,411,330416,
2019-06-13 13:44:40,406,330822,
2019-06-13 13:44:42,397,331219,
2019-06-13 13:44:42,396,331615,
2019-06-13 13:44:42,394,332009,
2019-06-13 13:44:43,387,332396,
2019-06-13 13:44:43,384,332780,
2019-06-13 13:44:44,380,333160,
2019-06-13 13:44:44,375,333535,
2019-06-13 13:44:44,375,333910,
2019-06-13 13:44:44,394,334304,
2019-06-13 13:44:44,390,334694,
2019-06-13 13:44:44,390,335084,
2019-06-13 13:44:45,385,335469,
2019-06-13 13:44:45,373,335842,
2019-06-13 13:44:46,365,336207,
2019-06-13 13:44:46,364,336571,
2019-06-13 13:44:46,351,336922,
2019-06-13 13:44:47,345,337267,
2019-06-13 13:44:47,341,337608,
2019-06-13 13:44:47,345,337953,
2019-06-13 13:44:48,363,338316,
2019-06-13 13:44:48,356,338672,
2019-06-13 13:44:48,370,339042,
2019-06-13 13:44:50,373,339415,
2019-06-13 13:44:50,369,339784,
2019-06-13 13:44:50,377,340161,
2019-06-13 13:44:50,381,340542,
2019-06-13 13:44:50,375,340917,
2019-06-13 13:44:51,382,341299,
2019-06-13 13:44:51,398,341697,
2019-06-13 13:44:52,405,342102,
2019-06-13 13:44:52,416,342518,
2019-06-13 13:44:53,428,342946,
2019-06-13 13:44:53,442,343388,
2019-06-13 13:44:53,458,343846,
2019-06-13 13:44:54,499,344345,
2019-06-13 13:44:54,469,344814,
2019-06-13 13:44:55,447,345261,
2019-06-13 13:44:55,418,345679,
2019-06-13 13:44:56,396,346075,
2019-06-13 13:44:56,386,346461,
2019-06-13 13:44:56,384,346845,
2019-06-13 13:44:57,377,347222,
2019-06-13 13:44:57,377,347599,
2019-06-13 13:44:57,382,347981,
2019-06-13 13:44:58,381,348362,
2019-06-13 13:44:58,390,348752,
2019-06-13 13:44:59,387,349139,
2019-06-13 13:44:59,377,349516,
2019-06-13 13:44:59,370,349886,
2019-06-13 13:45:00,359,350245,
2019-06-13 13:45:00,346,350591,
2019-06-13 13:45:00,345,350936,
2019-06-13 13:45:01,336,351272,
2019-06-13 13:45:01,333,351605,
2019-06-13 13:45:01,336,351941,
2019-06-13 13:45:02,334,352275,
2019-06-13 13:45:02,335,352610,
2019-06-13 13:45:02,334,352944,
2019-06-13 13:45:03,331,353275,
2019-06-13 13:45:03,341,353616,
2019-06-13 13:45:03,367,353983,
2019-06-13 13:45:04,400,354383,
2019-06-13 13:45:04,390,354773,
2019-06-13 13:45:05,416,355189,
2019-06-13 13:45:05,415,355604,
2019-06-13 13:45:05,409,356013,
2019-06-13 13:45:06,407,356420,
2019-06-13 13:45:06,397,356817,
2019-06-13 13:45:07,386,357203,
2019-06-13 13:45:07,376,357579,
2019-06-13 13:45:07,405,357984,
2019-06-13 13:45:08,418,358402,
2019-06-13 13:45:08,426,358828,
2019-06-13 13:45:09,414,359242,
2019-06-13 13:45:09,419,359661,
2019-06-13 13:45:10,429,360090,
2019-06-13 13:45:10,449,360539,
2019-06-13 13:45:11,449,360988,
2019-06-13 13:45:11,550,361538,
2019-06-13 13:45:12,594,362132,
2019-06-13 13:45:12,615,362747,
2019-06-13 13:45:13,510,363257,
2019-06-13 13:45:13,474,363731,
2019-06-13 13:45:14,504,364235,
2019-06-13 13:45:14,484,364719,
2019-06-13 13:45:15,477,365196,
2019-06-13 13:45:16,536,365732,
2019-06-13 13:45:16,603,366335,
2019-06-13 13:45:17,599,366934,
2019-06-13 13:45:17,554,367488,
2019-06-13 13:45:18,492,367980,
2019-06-13 13:45:18,499,368479,
2019-06-13 13:45:19,523,369002,
2019-06-13 13:45:19,547,369549,
2019-06-13 13:45:20,539,370088,
2019-06-13 13:45:20,527,370615,
2019-06-13 13:45:21,484,371099,
2019-06-13 13:45:21,467,371566,
2019-06-13 13:45:22,499,372065,
2019-06-13 13:45:22,494,372559,
2019-06-13 13:45:23,489,373048,
2019-06-13 13:45:23,478,373526,
2019-06-13 13:45:24,452,373978,
2019-06-13 13:45:24,439,374417,
2019-06-13 13:45:24,424,374841,
2019-06-13 13:45:25,415,375256,
2019-06-13 13:45:25,417,375673,
2019-06-13 13:45:26,416,376089,
2019-06-13 13:45:26,430,376519,
2019-06-13 13:45:27,448,376967,
2019-06-13 13:45:27,476,377443,
2019-06-13 13:45:28,497,377940,
2019-06-13 13:45:28,464,378404,
2019-06-13 13:45:28,446,378850,
2019-06-13 13:45:29,429,379279,
2019-06-13 13:45:29,407,379686,
2019-06-13 13:45:30,389,380075,
2019-06-13 13:45:30,377,380452,
2019-06-13 13:45:30,367,380819,
2019-06-13 13:45:31,355,381174,
2019-06-13 13:45:31,348,381522,
2019-06-13 13:45:31,342,381864,
2019-06-13 13:45:32,332,382196,
2019-06-13 13:45:32,325,382521,
2019-06-13 13:45:32,319,382840,
2019-06-13 13:45:33,323,383163,
2019-06-13 13:45:33,339,383502,
2019-06-13 13:45:33,342,383844,
2019-06-13 13:45:34,336,384180,
2019-06-13 13:45:34,331,384511,
2019-06-13 13:45:34,321,384832,
2019-06-13 13:45:34,321,385153,
2019-06-13 13:45:35,312,385465,
2019-06-13 13:45:35,301,385766,
2019-06-13 13:45:35,292,386058,
2019-06-13 13:45:37,290,386348,
2019-06-13 13:45:37,283,386631,
2019-06-13 13:45:37,281,386912,
2019-06-13 13:45:38,303,387215,
2019-06-13 13:45:38,342,387557,
2019-06-13 13:45:38,344,387901,
2019-06-13 13:45:38,343,388244,
2019-06-13 13:45:38,338,388582,
2019-06-13 13:45:38,335,388917,
2019-06-13 13:45:39,382,389299,
2019-06-13 13:45:39,419,389718,
2019-06-13 13:45:40,450,390168,
2019-06-13 13:45:40,432,390600,
2019-06-13 13:45:41,415,391015,
2019-06-13 13:45:41,399,391414,
2019-06-13 13:45:41,392,391806,
2019-06-13 13:45:42,381,392187,
2019-06-13 13:45:42,359,392546,
2019-06-13 13:45:42,339,392885,
2019-06-13 13:45:43,326,393211,
2019-06-13 13:45:43,315,393526,
2019-06-13 13:45:43,308,393834,
2019-06-13 13:45:43,303,394137,
2019-06-13 13:45:44,310,394447,
2019-06-13 13:45:44,309,394756,
2019-06-13 13:45:44,310,395066,
2019-06-13 13:45:45,309,395375,
2019-06-13 13:45:45,335,395710,
2019-06-13 13:45:45,325,396035,
2019-06-13 13:45:46,318,396353,
2019-06-13 13:45:46,314,396667,
2019-06-13 13:45:46,314,396981,
2019-06-13 13:45:47,304,397285,
2019-06-13 13:45:47,302,397587,
2019-06-13 13:45:47,296,397883,
2019-06-13 13:45:47,293,398176,
2019-06-13 13:45:48,290,398466,
2019-06-13 13:45:48,285,398751,
2019-06-13 13:45:48,280,399031,
2019-06-13 13:45:49,277,399308,
2019-06-13 13:45:49,274,399582,
2019-06-13 13:45:49,269,399851,
2019-06-13 13:45:49,270,400121,
2019-06-13 13:45:50,278,400399,
2019-06-13 13:45:50,278,400677,
2019-06-13 13:45:50,276,400953,
2019-06-13 13:45:51,278,401231,
2019-06-13 13:45:51,290,401521,
2019-06-13 13:45:51,303,401824,
2019-06-13 13:45:51,294,402118,
2019-06-13 13:45:52,303,402421,
2019-06-13 13:45:52,310,402731,
2019-06-13 13:45:52,321,403052,
2019-06-13 13:45:53,332,403384,
2019-06-13 13:45:53,320,403704,
2019-06-13 13:45:53,310,404014,
2019-06-13 13:45:54,307,404321,
2019-06-13 13:45:54,304,404625,
2019-06-13 13:45:54,297,404922,
2019-06-13 13:45:56,293,405215,
2019-06-13 13:45:56,295,405510,
2019-06-13 13:45:56,297,405807,
2019-06-13 13:45:56,296,406103,
2019-06-13 13:45:58,303,406406,
2019-06-13 13:45:58,304,406710,
2019-06-13 13:45:58,318,407028,
2019-06-13 13:45:58,434,407462,
2019-06-13 13:45:58,415,407877,
2019-06-13 13:45:58,405,408282,
2019-06-13 13:45:58,387,408669,
2019-06-13 13:45:58,375,409044,
2019-06-13 13:45:59,354,409398,
2019-06-13 13:45:59,332,409730,
2019-06-13 13:45:59,317,410047,
2019-06-13 13:46:00,306,410353,
2019-06-13 13:46:00,293,410646,
2019-06-13 13:46:00,291,410937,
2019-06-13 13:46:01,282,411219,
2019-06-13 13:46:01,282,411501,
2019-06-13 13:46:01,275,411776,
2019-06-13 13:46:01,281,412057,
2019-06-13 13:46:02,277,412334,
2019-06-13 13:46:02,283,412617,
2019-06-13 13:46:02,284,412901,
2019-06-13 13:46:04,290,413191,
2019-06-13 13:46:04,296,413487,
2019-06-13 13:46:04,299,413786,
2019-06-13 13:46:04,300,414086,
2019-06-13 13:46:05,307,414393,
2019-06-13 13:46:05,310,414703,
2019-06-13 13:46:05,311,415014,
2019-06-13 13:46:05,298,415312,
2019-06-13 13:46:05,299,415611,
2019-06-13 13:46:05,301,415912,
2019-06-13 13:46:06,310,416222,
2019-06-13 13:46:06,314,416536,
2019-06-13 13:46:06,306,416842,
2019-06-13 13:46:07,303,417145,
2019-06-13 13:46:07,301,417446,
2019-06-13 13:46:07,306,417752,
2019-06-13 13:46:07,305,418057,
2019-06-13 13:46:08,315,418372,
2019-06-13 13:46:08,318,418690,
2019-06-13 13:46:08,317,419007,
2019-06-13 13:46:09,324,419331,
2019-06-13 13:46:09,331,419662,
2019-06-13 13:46:09,347,420009,
2019-06-13 13:46:11,340,420349,
2019-06-13 13:46:11,333,420682,
2019-06-13 13:46:11,341,421023,
2019-06-13 13:46:11,360,421383,
2019-06-13 13:46:11,354,421737,
2019-06-13 13:46:12,355,422092,
2019-06-13 13:46:12,377,422469,
2019-06-13 13:46:12,412,422881,
2019-06-13 13:46:13,396,423277,
2019-06-13 13:46:13,392,423669,
2019-06-13 13:46:14,380,424049,
2019-06-13 13:46:14,369,424418,
2019-06-13 13:46:14,346,424764,
2019-06-13 13:46:14,324,425088,
2019-06-13 13:46:15,304,425392,
2019-06-13 13:46:15,298,425690,
2019-06-13 13:46:15,300,425990,
2019-06-13 13:46:16,299,426289,
2019-06-13 13:46:16,306,426595,
2019-06-13 13:46:16,320,426915,
2019-06-13 13:46:17,355,427270,
2019-06-13 13:46:17,383,427653,
2019-06-13 13:46:18,444,428097,
2019-06-13 13:46:18,454,428551,
2019-06-13 13:46:19,540,429091,
2019-06-13 13:46:19,539,429630,
2019-06-13 13:46:21,445,430075,
2019-06-13 13:46:21,417,430492,
2019-06-13 13:46:21,400,430892,
2019-06-13 13:46:22,417,431309,
2019-06-13 13:46:22,421,431730,
2019-06-13 13:46:22,436,432166,
2019-06-13 13:46:22,436,432602,
2019-06-13 13:46:23,407,433009,
2019-06-13 13:46:23,394,433403,
2019-06-13 13:46:23,382,433785,
2019-06-13 13:46:24,365,434150,
2019-06-13 13:46:24,339,434489,
2019-06-13 13:46:24,321,434810,
2019-06-13 13:46:25,316,435126,
2019-06-13 13:46:25,310,435436,
2019-06-13 13:46:25,314,435750,
2019-06-13 13:46:26,352,436102,
2019-06-13 13:46:26,385,436487,
2019-06-13 13:46:26,389,436876,
2019-06-13 13:46:27,401,437277,
2019-06-13 13:46:27,419,437696,
2019-06-13 13:46:28,467,438163,
2019-06-13 13:46:28,443,438606,
2019-06-13 13:46:29,432,439038,
2019-06-13 13:46:29,451,439489,
2019-06-13 13:46:31,442,439931,
2019-06-13 13:46:31,424,440355,
2019-06-13 13:46:31,435,440790,
2019-06-13 13:46:31,451,441241,
2019-06-13 13:46:31,433,441674,
2019-06-13 13:46:32,439,442113,
2019-06-13 13:46:32,496,442609,
2019-06-13 13:46:33,510,443119,
2019-06-13 13:46:33,518,443637,
2019-06-13 13:46:34,527,444164,
2019-06-13 13:46:34,485,444649,
2019-06-13 13:46:35,480,445129,
2019-06-13 13:46:35,456,445585,
2019-06-13 13:46:36,437,446022,
2019-06-13 13:46:36,415,446437,
2019-06-13 13:46:36,394,446831,
2019-06-13 13:46:37,383,447214,
2019-06-13 13:46:37,367,447581,
2019-06-13 13:46:37,347,447928,
2019-06-13 13:46:38,344,448272,
2019-06-13 13:46:38,332,448604,
2019-06-13 13:46:38,321,448925,
2019-06-13 13:46:39,316,449241,
2019-06-13 13:46:39,309,449550,
2019-06-13 13:46:39,303,449853,
2019-06-13 13:46:40,303,450156,
2019-06-13 13:46:40,302,450458,
2019-06-13 13:46:40,324,450782,
2019-06-13 13:46:41,406,451188,
2019-06-13 13:46:41,428,451616,
2019-06-13 13:46:42,439,452055,
2019-06-13 13:46:42,512,452567,
2019-06-13 13:46:43,467,453034,
2019-06-13 13:46:43,441,453475,
2019-06-13 13:46:44,482,453957,
2019-06-13 13:46:44,489,454446,
2019-06-13 13:46:45,522,454968,
2019-06-13 13:46:45,541,455509,
2019-06-13 13:46:46,521,456030,
2019-06-13 13:46:46,520,456550,
2019-06-13 13:46:47,484,457034,
2019-06-13 13:46:47,494,457528,
2019-06-13 13:46:48,540,458068,
2019-06-13 13:46:48,601,458669,
2019-06-13 13:46:49,509,459178,
2019-06-13 13:46:49,484,459662,
2019-06-13 13:46:50,435,460097,
2019-06-13 13:46:50,414,460511,
2019-06-13 13:46:51,402,460913,
2019-06-13 13:46:52,505,461418,
2019-06-13 13:46:52,684,462102,
2019-06-13 13:46:53,867,462969,
2019-06-13 13:46:54,740,463709,
2019-06-13 13:46:55,798,464507,
2019-06-13 13:46:55,706,465213,
2019-06-13 13:46:56,643,465856,
2019-06-13 13:46:57,820,466676,
2019-06-13 13:46:57,666,467342,
2019-06-13 13:46:58,743,468085,
2019-06-13 13:46:59,609,468694,
2019-06-13 13:47:00,797,469491,
2019-06-13 13:47:00,590,470081,
2019-06-13 13:47:01,746,470827,
2019-06-13 13:47:02,686,471513,
2019-06-13 13:47:02,603,472116,
2019-06-13 13:47:03,875,472991,
2019-06-13 13:47:04,569,473560,
2019-06-13 13:47:04,597,474157,
2019-06-13 13:47:05,573,474730,
2019-06-13 13:47:06,645,475375,
2019-06-13 13:47:06,575,475950,
2019-06-13 13:47:07,843,476793,
2019-06-13 13:47:07,636,477429,
2019-06-13 13:47:08,542,477971,
2019-06-13 13:47:08,529,478500,
2019-06-13 13:47:10,541,479041,
2019-06-13 13:47:10,619,479660,
2019-06-13 13:47:11,1029,480689,
2019-06-13 13:47:12,630,481319,
2019-06-13 13:47:12,891,482210,
2019-06-13 13:47:13,655,482865,
2019-06-13 13:47:14,699,483564,
2019-06-13 13:47:14,703,484267,
2019-06-13 13:47:15,726,484993,
2019-06-13 13:47:15,547,485540,
2019-06-13 13:47:16,482,486022,
2019-06-13 13:47:16,452,486474,
2019-06-13 13:47:17,433,486907,
2019-06-13 13:47:17,416,487323,
2019-06-13 13:47:17,410,487733,
2019-06-13 13:47:18,449,488182,
2019-06-13 13:47:19,470,488652,
2019-06-13 13:47:19,545,489197,
2019-06-13 13:47:20,543,489740,
2019-06-13 13:47:21,574,490314,
2019-06-13 13:47:22,526,490840,
2019-06-13 13:47:22,1523,492363,
2019-06-13 13:47:23,518,492881,
2019-06-13 13:47:23,487,493368,
2019-06-13 13:47:24,583,493951,
2019-06-13 13:47:25,612,494563,
2019-06-13 13:47:25,620,495183,
2019-06-13 13:47:26,589,495772,
2019-06-13 13:47:26,522,496294,
2019-06-13 13:47:27,564,496858,
2019-06-13 13:47:28,649,497507,
2019-06-13 13:47:28,622,498129,
2019-06-13 13:47:30,579,498708,
2019-06-13 13:47:30,564,499272,
2019-06-13 13:47:31,623,499895,
2019-06-13 13:47:31,594,500489,
2019-06-13 13:47:31,694,501183,
2019-06-13 13:47:32,551,501734,
2019-06-13 13:47:32,590,502324,
2019-06-13 13:47:33,543,502867,
2019-06-13 13:47:34,643,503510,
2019-06-13 13:47:34,570,504080,
2019-06-13 13:47:35,672,504752,
2019-06-13 13:47:35,551,505303,
2019-06-13 13:47:36,608,505911,
2019-06-13 13:47:36,652,506563,
2019-06-13 13:47:37,519,507082,
2019-06-13 13:47:38,551,507633,
2019-06-13 13:47:38,708,508341,
2019-06-13 13:47:39,623,508964,
2019-06-13 13:47:40,587,509551,
2019-06-13 13:47:40,571,510122,
2019-06-13 13:47:41,587,510709,
2019-06-13 13:47:42,900,511609,
2019-06-13 13:47:42,580,512189,
2019-06-13 13:47:43,642,512831,
2019-06-13 13:47:43,579,513410,
2019-06-13 13:47:44,488,513898,
2019-06-13 13:47:44,454,514352,
2019-06-13 13:47:44,430,514782,
2019-06-13 13:47:45,409,515191,
2019-06-13 13:47:45,389,515580,
2019-06-13 13:47:46,375,515955,
2019-06-13 13:47:46,362,516317,
2019-06-13 13:47:46,361,516678,
2019-06-13 13:47:47,351,517029,
2019-06-13 13:47:47,377,517406,
2019-06-13 13:47:48,402,517808,
2019-06-13 13:47:48,408,518216,
2019-06-13 13:47:49,482,518698,
2019-06-13 13:47:49,654,519352,
2019-06-13 13:47:50,598,519950,
2019-06-13 13:47:50,515,520465,
2019-06-13 13:47:51,482,520947,
2019-06-13 13:47:51,447,521394,
2019-06-13 13:47:52,420,521814,
2019-06-13 13:47:52,403,522217,
2019-06-13 13:47:53,738,522955,
2019-06-13 13:47:53,355,523310,
2019-06-13 13:47:53,339,523649,
2019-06-13 13:47:53,322,523971,
2019-06-13 13:47:54,308,524279,
2019-06-13 13:47:54,301,524580,
2019-06-13 13:47:54,293,524873,
2019-06-13 13:47:55,289,525162,
2019-06-13 13:47:55,284,525446,
2019-06-13 13:47:55,278,525724,
2019-06-13 13:47:55,273,525997,
2019-06-13 13:47:56,277,526274,
2019-06-13 13:47:56,286,526560,
2019-06-13 13:47:56,297,526857,
2019-06-13 13:47:57,292,527149,
2019-06-13 13:47:57,303,527452,
2019-06-13 13:47:57,299,527751,
2019-06-13 13:47:57,301,528052,
2019-06-13 13:47:58,299,528351,
2019-06-13 13:47:58,297,528648,
2019-06-13 13:47:58,305,528953,
2019-06-13 13:47:59,299,529252,
2019-06-13 13:47:59,306,529558,
2019-06-13 13:47:59,311,529869,
2019-06-13 13:48:00,357,530226,
2019-06-13 13:48:00,368,530594,
2019-06-13 13:48:01,370,530964,
2019-06-13 13:48:01,356,531320,
2019-06-13 13:48:01,339,531659,
2019-06-13 13:48:02,318,531977,
2019-06-13 13:48:02,324,532301,
2019-06-13 13:48:02,322,532623,
2019-06-13 13:48:03,327,532950,
2019-06-13 13:48:03,345,533295,
2019-06-13 13:48:03,367,533662,
2019-06-13 13:48:04,412,534074,
2019-06-13 13:48:04,382,534456,
2019-06-13 13:48:05,387,534843,
2019-06-13 13:48:05,387,535230,
2019-06-13 13:48:05,400,535630,
2019-06-13 13:48:06,411,536041,
2019-06-13 13:48:06,411,536452,
2019-06-13 13:48:07,436,536888,
2019-06-13 13:48:07,458,537346,
2019-06-13 13:48:08,504,537850,
2019-06-13 13:48:08,512,538362,
2019-06-13 13:48:09,527,538889,
2019-06-13 13:48:09,579,539468,
2019-06-13 13:48:10,482,539950,
2019-06-13 13:48:10,450,540400,
2019-06-13 13:48:12,429,540829,
2019-06-13 13:48:12,419,541248,
2019-06-13 13:48:12,433,541681,
2019-06-13 13:48:12,468,542149,
2019-06-13 13:48:12,508,542657,
2019-06-13 13:48:13,460,543117,
2019-06-13 13:48:13,446,543563,
2019-06-13 13:48:14,437,544000,
2019-06-13 13:48:14,437,544437,
2019-06-13 13:48:15,435,544872,
2019-06-13 13:48:15,459,545331,
2019-06-13 13:48:16,467,545798,
2019-06-13 13:48:16,531,546329,
2019-06-13 13:48:17,574,546903,
2019-06-13 13:48:18,625,547528,
2019-06-13 13:48:18,623,548151,
2019-06-13 13:48:19,664,548815,
2019-06-13 13:48:19,538,549353,
2019-06-13 13:48:20,502,549855,
2019-06-13 13:48:20,464,550319,
2019-06-13 13:48:20,435,550754,
2019-06-13 13:48:21,415,551169,
2019-06-13 13:48:21,411,551580,
2019-06-13 13:48:22,413,551993,
2019-06-13 13:48:22,422,552415,
2019-06-13 13:48:23,420,552835,
2019-06-13 13:48:23,425,553260,
2019-06-13 13:48:23,421,553681,
2019-06-13 13:48:24,407,554088,
2019-06-13 13:48:24,403,554491,
2019-06-13 13:48:25,405,554896,
2019-06-13 13:48:25,401,555297,
2019-06-13 13:48:25,395,555692,
2019-06-13 13:48:26,377,556069,
2019-06-13 13:48:26,367,556436,
2019-06-13 13:48:26,377,556813,
2019-06-13 13:48:27,381,557194,
2019-06-13 13:48:27,380,557574,
2019-06-13 13:48:28,384,557958,
2019-06-13 13:48:28,387,558345,
2019-06-13 13:48:28,391,558736,
2019-06-13 13:48:29,388,559124,
2019-06-13 13:48:29,388,559512,
2019-06-13 13:48:30,389,559901,
2019-06-13 13:48:30,378,560279,
2019-06-13 13:48:30,367,560646,
2019-06-13 13:48:31,357,561003,
2019-06-13 13:48:31,346,561349,
2019-06-13 13:48:31,342,561691,
2019-06-13 13:48:32,331,562022,
2019-06-13 13:48:32,329,562351,
2019-06-13 13:48:32,323,562674,
2019-06-13 13:48:33,322,562996,
2019-06-13 13:48:33,330,563326,
2019-06-13 13:48:33,330,563656,
2019-06-13 13:48:34,323,563979,
2019-06-13 13:48:34,321,564300,
2019-06-13 13:48:34,321,564621,
2019-06-13 13:48:34,319,564940,
2019-06-13 13:48:35,317,565257,
2019-06-13 13:48:35,319,565576,
2019-06-13 13:48:35,324,565900,
2019-06-13 13:48:36,331,566231,
2019-06-13 13:48:36,363,566594,
2019-06-13 13:48:37,394,566988,
2019-06-13 13:48:37,437,567425,
2019-06-13 13:48:38,423,567848,
2019-06-13 13:48:38,458,568306,
2019-06-13 13:48:39,498,568804,
2019-06-13 13:48:39,502,569306,
2019-06-13 13:48:40,470,569776,
2019-06-13 13:48:40,511,570287,
2019-06-13 13:48:41,452,570739,
2019-06-13 13:48:41,436,571175,
2019-06-13 13:48:41,427,571602,
2019-06-13 13:48:42,419,572021,
2019-06-13 13:48:42,456,572477,
2019-06-13 13:48:43,437,572914,
2019-06-13 13:48:43,420,573334,
2019-06-13 13:48:43,416,573750,
2019-06-13 13:48:44,416,574166,
2019-06-13 13:48:44,415,574581,
2019-06-13 13:48:45,429,575010,
2019-06-13 13:48:46,537,575547,
2019-06-13 13:48:46,511,576058,
2019-06-13 13:48:47,540,576598,
2019-06-13 13:48:47,493,577091,
2019-06-13 13:48:48,761,577852,
2019-06-13 13:48:49,685,578537,
2019-06-13 13:48:49,581,579118,
2019-06-13 13:48:50,625,579743,
2019-06-13 13:48:50,620,580363,
2019-06-13 13:48:51,519,580882,
2019-06-13 13:48:51,470,581352,
2019-06-13 13:48:52,454,581806,
2019-06-13 13:48:52,433,582239,
2019-06-13 13:48:52,437,582676,
2019-06-13 13:48:53,439,583115,
2019-06-13 13:48:53,424,583539,
2019-06-13 13:48:54,414,583953,
2019-06-13 13:48:54,409,584362,
2019-06-13 13:48:55,412,584774,
2019-06-13 13:48:55,436,585210,
2019-06-13 13:48:56,456,585666,
2019-06-13 13:48:56,478,586144,
2019-06-13 13:48:57,533,586677,
2019-06-13 13:48:57,586,587263,
2019-06-13 13:48:58,626,587889,
2019-06-13 13:48:59,664,588553,
2019-06-13 13:48:59,539,589092,
2019-06-13 13:49:00,721,589813,
2019-06-13 13:49:00,491,590304,
2019-06-13 13:49:01,453,590757,
2019-06-13 13:49:01,433,591190,
2019-06-13 13:49:02,433,591623,
2019-06-13 13:49:02,474,592097,
2019-06-13 13:49:03,594,592691,
2019-06-13 13:49:03,561,593252,
2019-06-13 13:49:04,588,593840,
2019-06-13 13:49:05,633,594473,
2019-06-13 13:49:06,519,594992,
2019-06-13 13:49:07,909,595901,
2019-06-13 13:49:07,966,596867,
2019-06-13 13:49:08,723,597590,
2019-06-13 13:49:08,708,598298,
2019-06-13 13:49:09,626,598924,
2019-06-13 13:49:09,559,599483,
2019-06-13 13:49:10,532,600015,
2019-06-13 13:49:11,522,600537,
2019-06-13 13:49:11,533,601070,
2019-06-13 13:49:12,553,601623,
2019-06-13 13:49:12,596,602219,
2019-06-13 13:49:13,600,602819,
2019-06-13 13:49:14,600,603419,
2019-06-13 13:49:14,629,604048,
2019-06-13 13:49:15,528,604576,
2019-06-13 13:49:16,858,605434,
2019-06-13 13:49:16,521,605955,
2019-06-13 13:49:17,898,606853,
2019-06-13 13:49:18,515,607368,
2019-06-13 13:49:18,885,608253,
2019-06-13 13:49:19,763,609016,
2019-06-13 13:49:19,540,609556,
2019-06-13 13:49:20,540,610096,
2019-06-13 13:49:20,309,610405,
2019-06-13 13:49:21,509,610914,
2019-06-13 13:49:21,439,611353,
2019-06-13 13:49:23,471,611824,
2019-06-13 13:49:23,500,612324,
2019-06-13 13:49:23,482,612806,
2019-06-13 13:49:23,487,613293,
2019-06-13 13:49:24,490,613783,
2019-06-13 13:49:24,499,614282,
2019-06-13 13:49:25,549,614831,
2019-06-13 13:49:26,652,615483,
2019-06-13 13:49:26,689,616172,
2019-06-13 13:49:27,646,616818,
2019-06-13 13:49:28,483,617301,
2019-06-13 13:49:29,914,618215,
2019-06-13 13:49:29,484,618699,
2019-06-13 13:49:30,931,619630,
2019-06-13 13:49:30,474,620104,
2019-06-13 13:49:31,924,621028,
2019-06-13 13:49:32,496,621524,
2019-06-13 13:49:33,862,622386,
2019-06-13 13:49:35,857,623243,
2019-06-13 13:49:35,887,624130,
2019-06-13 13:49:36,808,624938,
2019-06-13 13:49:36,621,625559,
2019-06-13 13:49:37,884,626443,
2019-06-13 13:49:38,663,627106,
2019-06-13 13:49:39,871,627977,
2019-06-13 13:49:40,868,628845,
2019-06-13 13:49:40,733,629578,
2019-06-13 13:49:41,983,630561,
2019-06-13 13:49:42,644,631205,
2019-06-13 13:49:42,970,632175,
2019-06-13 13:49:43,658,632833,
2019-06-13 13:49:44,666,633499,
2019-06-13 13:49:45,785,634284,
2019-06-13 13:49:45,902,635186,
2019-06-13 13:49:46,635,635821,
2019-06-13 13:49:47,712,636533,
2019-06-13 13:49:47,569,637102,
2019-06-13 13:49:48,665,637767,
2019-06-13 13:49:49,674,638441,
2019-06-13 13:49:49,607,639048,
2019-06-13 13:49:50,557,639605,
2019-06-13 13:49:50,577,640182,
2019-06-13 13:49:51,607,640789,
2019-06-13 13:49:52,659,641448,
2019-06-13 13:49:52,613,642061,
2019-06-13 13:49:53,600,642661,
2019-06-13 13:49:54,662,643323,
2019-06-13 13:49:54,720,644043,
2019-06-13 13:49:54,552,644595,
2019-06-13 13:49:55,488,645083,
2019-06-13 13:49:55,448,645531,
2019-06-13 13:49:56,425,645956,
2019-06-13 13:49:56,407,646363,
2019-06-13 13:49:56,409,646772,
2019-06-13 13:49:57,398,647170,
2019-06-13 13:49:57,388,647558,
2019-06-13 13:49:58,382,647940,
2019-06-13 13:49:58,362,648302,
2019-06-13 13:49:58,353,648655,
2019-06-13 13:49:59,336,648991,
2019-06-13 13:49:59,329,649320,
2019-06-13 13:49:59,318,649638,
2019-06-13 13:49:59,308,649946,
2019-06-13 13:50:00,304,650250,
2019-06-13 13:50:00,297,650547,
2019-06-13 13:50:00,291,650838,
2019-06-13 13:50:01,289,651127,
2019-06-13 13:50:01,286,651413,
2019-06-13 13:50:01,283,651696,
2019-06-13 13:50:01,277,651973,
2019-06-13 13:50:02,278,652251,
2019-06-13 13:50:02,278,652529,
2019-06-13 13:50:02,275,652804,
2019-06-13 13:50:03,272,653076,
2019-06-13 13:50:03,269,653345,
2019-06-13 13:50:03,268,653613,
2019-06-13 13:50:03,270,653883,
2019-06-13 13:50:04,268,654151,
2019-06-13 13:50:04,265,654416,
2019-06-13 13:50:04,265,654681,
2019-06-13 13:50:04,264,654945,
2019-06-13 13:50:05,262,655207,
2019-06-13 13:50:05,260,655467,
2019-06-13 13:50:05,261,655728,
2019-06-13 13:50:05,262,655990,
2019-06-13 13:50:06,265,656255,
2019-06-13 13:50:06,266,656521,
2019-06-13 13:50:06,278,656799,
2019-06-13 13:50:07,286,657085,
2019-06-13 13:50:07,291,657376,
2019-06-13 13:50:07,294,657670,
2019-06-13 13:50:08,299,657969,
2019-06-13 13:50:08,315,658284,
2019-06-13 13:50:08,309,658593,
2019-06-13 13:50:08,298,658891,
2019-06-13 13:50:09,300,659191,
2019-06-13 13:50:09,291,659482,
2019-06-13 13:50:09,287,659769,
2019-06-13 13:50:10,286,660055,
2019-06-13 13:50:10,284,660339,
2019-06-13 13:50:10,286,660625,
2019-06-13 13:50:10,285,660910,
2019-06-13 13:50:11,282,661192,
2019-06-13 13:50:11,275,661467,
2019-06-13 13:50:11,275,661742,
2019-06-13 13:50:12,281,662023,
2019-06-13 13:50:12,285,662308,
2019-06-13 13:50:13,370,662678,
2019-06-13 13:50:13,388,663066,
2019-06-13 13:50:15,439,663505,
2019-06-13 13:50:15,553,664058,
2019-06-13 13:50:16,539,664597,
2019-06-13 13:50:16,511,665108,
2019-06-13 13:50:17,540,665648,
2019-06-13 13:50:17,551,666199,
2019-06-13 13:50:17,562,666761,
2019-06-13 13:50:18,568,667329,
2019-06-13 13:50:18,599,667928,
2019-06-13 13:50:20,603,668531,
2019-06-13 13:50:20,574,669105,
2019-06-13 13:50:21,565,669670,
2019-06-13 13:50:21,660,670330,
2019-06-13 13:50:23,783,671113,
2019-06-13 13:50:23,667,671780,
2019-06-13 13:50:24,903,672683,
2019-06-13 13:50:25,486,673169,
2019-06-13 13:50:25,967,674136,
2019-06-13 13:50:25,753,674889,
2019-06-13 13:50:26,630,675519,
2019-06-13 13:50:27,869,676388,
2019-06-13 13:50:27,878,677266,
2019-06-13 13:50:28,680,677946,
2019-06-13 13:50:29,562,678508,
2019-06-13 13:50:29,538,679046,
2019-06-13 13:50:30,603,679649,
2019-06-13 13:50:31,587,680236,
2019-06-13 13:50:32,936,681172,
2019-06-13 13:50:33,674,681846,
2019-06-13 13:50:34,922,682768,
2019-06-13 13:50:34,771,683539,
2019-06-13 13:50:35,1066,684605,
2019-06-13 13:50:36,619,685224,
2019-06-13 13:50:37,875,686099,
2019-06-13 13:50:37,599,686698,
2019-06-13 13:50:38,1010,687708,
2019-06-13 13:50:40,673,688381,
2019-06-13 13:50:40,613,688994,
2019-06-13 13:50:41,1093,690087,
2019-06-13 13:50:41,612,690699,
2019-06-13 13:50:42,780,691479,
2019-06-13 13:50:43,806,692285,
2019-06-13 13:50:44,604,692889,
2019-06-13 13:50:44,1174,694063,
2019-06-13 13:50:45,625,694688,
2019-06-13 13:50:46,659,695347,
2019-06-13 13:50:46,936,696283,
2019-06-13 13:50:47,579,696862,
2019-06-13 13:50:47,497,697359,
2019-06-13 13:50:48,488,697847,
2019-06-13 13:50:49,512,698359,
2019-06-13 13:50:50,510,698869,
2019-06-13 13:50:50,1089,699958,
2019-06-13 13:50:51,665,700623,
2019-06-13 13:50:52,743,701366,
2019-06-13 13:50:53,1060,702426,
2019-06-13 13:50:54,658,703084,
2019-06-13 13:50:55,831,703915,
2019-06-13 13:50:55,992,704907,
2019-06-13 13:50:56,650,705557,
2019-06-13 13:50:57,666,706223,
2019-06-13 13:50:58,1126,707349,
2019-06-13 13:51:00,605,707954,
2019-06-13 13:51:00,624,708578,
2019-06-13 13:51:00,1047,709625,
2019-06-13 13:51:01,589,710214,
2019-06-13 13:51:01,553,710767,
2019-06-13 13:51:02,1013,711780,
2019-06-13 13:51:03,596,712376,
2019-06-13 13:51:04,644,713020,
2019-06-13 13:51:04,1065,714085,
2019-06-13 13:51:05,582,714667,
2019-06-13 13:51:05,530,715197,
2019-06-13 13:51:06,521,715718,
2019-06-13 13:51:06,485,716203,
2019-06-13 13:51:07,466,716669,
2019-06-13 13:51:07,471,717140,
2019-06-13 13:51:07,456,717596,
2019-06-13 13:51:08,441,718037,
2019-06-13 13:51:08,436,718473,
2019-06-13 13:51:09,425,718898,
2019-06-13 13:51:09,407,719305,
2019-06-13 13:51:09,385,719690,
2019-06-13 13:51:10,374,720064,
2019-06-13 13:51:10,359,720423,
2019-06-13 13:51:10,347,720770,
2019-06-13 13:51:11,339,721109,
2019-06-13 13:51:11,330,721439,
2019-06-13 13:51:11,324,721763,
2019-06-13 13:51:12,323,722086,
2019-06-13 13:51:12,318,722404,
2019-06-13 13:51:12,314,722718,
2019-06-13 13:51:13,322,723040,
2019-06-13 13:51:13,313,723353,
2019-06-13 13:51:13,319,723672,
2019-06-13 13:51:14,312,723984,
2019-06-13 13:51:14,330,724314,
2019-06-13 13:51:14,321,724635,
2019-06-13 13:51:15,321,724956,
2019-06-13 13:51:15,317,725273,
2019-06-13 13:51:15,326,725599,
2019-06-13 13:51:16,315,725914,
2019-06-13 13:51:16,312,726226,
2019-06-13 13:51:16,309,726535,
2019-06-13 13:51:16,308,726843,
2019-06-13 13:51:17,302,727145,
2019-06-13 13:51:17,300,727445,
2019-06-13 13:51:17,300,727745,
2019-06-13 13:51:18,297,728042,
2019-06-13 13:51:18,299,728341,
2019-06-13 13:51:18,297,728638,
2019-06-13 13:51:19,296,728934,
2019-06-13 13:51:19,295,729229,
2019-06-13 13:51:19,296,729525,
2019-06-13 13:51:19,294,729819,
2019-06-13 13:51:20,293,730112,
2019-06-13 13:51:20,292,730404,
2019-06-13 13:51:20,295,730699,
2019-06-13 13:51:21,292,730991,
2019-06-13 13:51:21,292,731283,
2019-06-13 13:51:21,299,731582,
2019-06-13 13:51:22,296,731878,
2019-06-13 13:51:22,297,732175,
2019-06-13 13:51:22,296,732471,
2019-06-13 13:51:22,295,732766,
2019-06-13 13:51:23,294,733060,
2019-06-13 13:51:23,294,733354,
2019-06-13 13:51:23,298,733652,
2019-06-13 13:51:24,302,733954,
2019-06-13 13:51:24,300,734254,
2019-06-13 13:51:24,310,734564,
2019-06-13 13:51:25,316,734880,
2019-06-13 13:51:25,313,735193,
2019-06-13 13:51:25,304,735497,
2019-06-13 13:51:25,303,735800,
2019-06-13 13:51:26,308,736108,
2019-06-13 13:51:26,331,736439,
2019-06-13 13:51:27,376,736815,
2019-06-13 13:51:27,382,737197,
2019-06-13 13:51:27,385,737582,
2019-06-13 13:51:28,390,737972,
2019-06-13 13:51:28,390,738362,
2019-06-13 13:51:29,374,738736,
2019-06-13 13:51:29,379,739115,
2019-06-13 13:51:29,373,739488,
2019-06-13 13:51:30,369,739857,
2019-06-13 13:51:30,396,740253,
2019-06-13 13:51:31,404,740657,
2019-06-13 13:51:31,444,741101,
2019-06-13 13:51:32,492,741593,
2019-06-13 13:51:32,578,742171,
2019-06-13 13:51:33,649,742820,
2019-06-13 13:51:34,570,743390,
2019-06-13 13:51:34,586,743976,
2019-06-13 13:51:35,612,744588,
2019-06-13 13:51:35,620,745208,
2019-06-13 13:51:36,574,745782,
2019-06-13 13:51:37,641,746423,
2019-06-13 13:51:37,537,746960,
2019-06-13 13:51:38,570,747530,
2019-06-13 13:51:38,544,748074,
2019-06-13 13:51:39,504,748578,
2019-06-13 13:51:39,468,749046,
2019-06-13 13:51:40,458,749504,
2019-06-13 13:51:40,501,750005,
2019-06-13 13:51:41,517,750522,
2019-06-13 13:51:41,547,751069,
2019-06-13 13:51:42,569,751638,
2019-06-13 13:51:42,528,752166,
2019-06-13 13:51:43,487,752653,
2019-06-13 13:51:43,460,753113,
2019-06-13 13:51:44,449,753562,
2019-06-13 13:51:44,434,753996,
2019-06-13 13:51:44,437,754433,
2019-06-13 13:51:45,465,754898,
2019-06-13 13:51:45,458,755356,
2019-06-13 13:51:46,479,755835,
2019-06-13 13:51:46,500,756335,
2019-06-13 13:51:47,465,756800,
2019-06-13 13:51:47,450,757250,
2019-06-13 13:51:48,425,757675,
2019-06-13 13:51:48,403,758078,
2019-06-13 13:51:48,382,758460,
2019-06-13 13:51:49,358,758818,
2019-06-13 13:51:49,346,759164,
2019-06-13 13:51:49,334,759498,
2019-06-13 13:51:50,333,759831,
2019-06-13 13:51:50,333,760164,
2019-06-13 13:51:50,342,760506,
2019-06-13 13:51:51,343,760849,
2019-06-13 13:51:51,358,761207,
2019-06-13 13:51:51,355,761562,
2019-06-13 13:51:52,360,761922,
2019-06-13 13:51:52,368,762290,
2019-06-13 13:51:52,359,762649,
2019-06-13 13:51:53,346,762995,
2019-06-13 13:51:53,343,763338,
2019-06-13 13:51:53,333,763671,
2019-06-13 13:51:54,335,764006,
2019-06-13 13:51:54,329,764335,
2019-06-13 13:51:54,328,764663,
2019-06-13 13:51:55,320,764983,
2019-06-13 13:51:55,322,765305,
2019-06-13 13:51:55,322,765627,
2019-06-13 13:51:56,316,765943,
2019-06-13 13:51:56,313,766256,
2019-06-13 13:51:56,315,766571,
2019-06-13 13:51:57,313,766884,
2019-06-13 13:51:57,307,767191,
2019-06-13 13:51:57,314,767505,
2019-06-13 13:51:58,313,767818,
2019-06-13 13:51:58,314,768132,
2019-06-13 13:51:58,316,768448,
2019-06-13 13:51:59,328,768776,
2019-06-13 13:51:59,331,769107,
2019-06-13 13:51:59,320,769427,
2019-06-13 13:52:00,332,769759,
2019-06-13 13:52:00,347,770106,
2019-06-13 13:52:00,358,770464,
2019-06-13 13:52:01,351,770815,
2019-06-13 13:52:01,341,771156,
2019-06-13 13:52:01,344,771500,
2019-06-13 13:52:02,352,771852,
2019-06-13 13:52:02,344,772196,
2019-06-13 13:52:02,359,772555,
2019-06-13 13:52:03,372,772927,
2019-06-13 13:52:03,386,773313,
2019-06-13 13:52:04,386,773699,
2019-06-13 13:52:04,406,774105,
2019-06-13 13:52:04,400,774505,
2019-06-13 13:52:05,411,774916,
2019-06-13 13:52:05,423,775339,
2019-06-13 13:52:06,413,775752,
2019-06-13 13:52:06,422,776174,
2019-06-13 13:52:06,409,776583,
2019-06-13 13:52:07,406,776989,
2019-06-13 13:52:07,400,777389,
2019-06-13 13:52:08,397,777786,
2019-06-13 13:52:08,387,778173,
2019-06-13 13:52:08,378,778551,
2019-06-13 13:52:09,375,778926,
2019-06-13 13:52:09,374,779300,
2019-06-13 13:52:10,382,779682,
2019-06-13 13:52:10,397,780079,
2019-06-13 13:52:10,412,780491,
2019-06-13 13:52:11,423,780914,
2019-06-13 13:52:11,435,781349,
2019-06-13 13:52:12,421,781770,
2019-06-13 13:52:12,419,782189,
2019-06-13 13:52:13,427,782616,
2019-06-13 13:52:13,423,783039,
2019-06-13 13:52:13,416,783455,
2019-06-13 13:52:14,414,783869,
2019-06-13 13:52:14,409,784278,
2019-06-13 13:52:15,400,784678,
2019-06-13 13:52:15,393,785071,
2019-06-13 13:52:15,392,785463,
