date,rr,since start,removed out
2019-06-13 13:39:10,392,784,392.0
2019-06-13 13:39:10,385,1169,385.0
2019-06-13 13:39:10,370,1539,370.0
2019-06-13 13:39:11,351,1890,351.0
2019-06-13 13:39:11,346,2236,346.0
2019-06-13 13:39:12,343,2579,343.0
2019-06-13 13:39:12,333,2912,333.0
2019-06-13 13:39:12,323,3235,323.0
2019-06-13 13:39:13,313,3548,313.0
2019-06-13 13:39:13,334,3882,334.0
2019-06-13 13:39:13,378,4260,378.0
2019-06-13 13:39:14,379,4639,379.0
2019-06-13 13:39:14,376,5015,376.0
2019-06-13 13:39:14,377,5392,377.0
2019-06-13 13:39:15,373,5765,373.0
2019-06-13 13:39:15,355,6120,355.0
2019-06-13 13:39:15,334,6454,334.0
2019-06-13 13:39:16,320,6774,320.0
2019-06-13 13:39:16,318,7092,318.0
2019-06-13 13:39:16,304,7396,304.0
2019-06-13 13:39:17,300,7696,300.0
2019-06-13 13:39:17,299,7995,299.0
2019-06-13 13:39:17,294,8289,294.0
2019-06-13 13:39:17,292,8581,292.0
2019-06-13 13:39:18,293,8874,293.0
2019-06-13 13:39:18,301,9175,301.0
2019-06-13 13:39:18,332,9507,332.0
2019-06-13 13:39:19,333,9840,333.0
2019-06-13 13:39:19,312,10152,312.0
2019-06-13 13:39:19,307,10459,307.0
2019-06-13 13:39:20,304,10763,304.0
2019-06-13 13:39:20,302,11065,302.0
2019-06-13 13:39:20,292,11357,292.0
2019-06-13 13:39:21,290,11647,290.0
2019-06-13 13:39:21,287,11934,287.0
2019-06-13 13:39:21,282,12216,282.0
2019-06-13 13:39:21,279,12495,279.0
2019-06-13 13:39:22,277,12772,277.0
2019-06-13 13:39:22,282,13054,282.0
2019-06-13 13:39:22,277,13331,277.0
2019-06-13 13:39:23,287,13618,287.0
2019-06-13 13:39:23,295,13913,295.0
2019-06-13 13:39:24,389,14302,389.0
2019-06-13 13:39:24,523,14825,523.0
2019-06-13 13:39:25,509,15334,509.0
2019-06-13 13:39:25,511,15845,511.0
2019-06-13 13:39:25,459,16304,459.0
2019-06-13 13:39:26,449,16753,449.0
2019-06-13 13:39:26,390,17143,390.0
2019-06-13 13:39:27,376,17519,376.0
2019-06-13 13:39:27,353,17872,353.0
2019-06-13 13:39:27,327,18199,327.0
2019-06-13 13:39:28,318,18517,318.0
2019-06-13 13:39:28,332,18849,332.0
2019-06-13 13:39:28,385,19234,385.0
2019-06-13 13:39:29,410,19644,410.0
2019-06-13 13:39:29,387,20031,387.0
2019-06-13 13:39:30,393,20424,393.0
2019-06-13 13:39:30,386,20810,386.0
2019-06-13 13:39:30,382,21192,382.0
2019-06-13 13:39:31,376,21568,376.0
2019-06-13 13:39:31,380,21948,380.0
2019-06-13 13:39:31,375,22323,375.0
2019-06-13 13:39:32,378,22701,378.0
2019-06-13 13:39:32,375,23076,375.0
2019-06-13 13:39:34,388,23464,388.0
2019-06-13 13:39:34,409,23873,409.0
2019-06-13 13:39:34,450,24323,450.0
2019-06-13 13:39:34,539,24862,
2019-06-13 13:39:35,585,25447,
2019-06-13 13:39:35,481,25928,481.0
2019-06-13 13:39:36,441,26369,441.0
2019-06-13 13:39:36,412,26781,412.0
2019-06-13 13:39:36,389,27170,389.0
2019-06-13 13:39:37,374,27544,374.0
2019-06-13 13:39:37,360,27904,360.0
2019-06-13 13:39:37,342,28246,342.0
2019-06-13 13:39:38,333,28579,333.0
2019-06-13 13:39:38,330,28909,330.0
2019-06-13 13:39:38,322,29231,322.0
2019-06-13 13:39:39,321,29552,321.0
2019-06-13 13:39:39,316,29868,316.0
2019-06-13 13:39:39,312,30180,312.0
2019-06-13 13:39:39,311,30491,311.0
2019-06-13 13:39:40,302,30793,302.0
2019-06-13 13:39:40,307,31100,307.0
2019-06-13 13:39:40,311,31411,311.0
2019-06-13 13:39:41,331,31742,331.0
2019-06-13 13:39:41,375,32117,375.0
2019-06-13 13:39:42,411,32528,411.0
2019-06-13 13:39:42,405,32933,405.0
2019-06-13 13:39:42,396,33329,396.0
2019-06-13 13:39:43,391,33720,391.0
2019-06-13 13:39:43,378,34098,378.0
2019-06-13 13:39:43,363,34461,363.0
2019-06-13 13:39:44,341,34802,341.0
2019-06-13 13:39:44,333,35135,333.0
2019-06-13 13:39:44,329,35464,329.0
2019-06-13 13:39:45,339,35803,339.0
2019-06-13 13:39:45,359,36162,359.0
2019-06-13 13:39:46,407,36569,407.0
2019-06-13 13:39:46,416,36985,416.0
2019-06-13 13:39:47,441,37426,441.0
2019-06-13 13:39:47,435,37861,435.0
2019-06-13 13:39:47,433,38294,433.0
2019-06-13 13:39:48,433,38727,433.0
2019-06-13 13:39:48,430,39157,430.0
2019-06-13 13:39:49,439,39596,439.0
2019-06-13 13:39:49,444,40040,444.0
2019-06-13 13:39:50,483,40523,483.0
2019-06-13 13:39:50,475,40998,475.0
2019-06-13 13:39:51,434,41432,434.0
2019-06-13 13:39:51,415,41847,415.0
2019-06-13 13:39:51,407,42254,407.0
2019-06-13 13:39:52,394,42648,394.0
2019-06-13 13:39:52,382,43030,382.0
2019-06-13 13:39:52,371,43401,371.0
2019-06-13 13:39:53,343,43744,343.0
2019-06-13 13:39:53,321,44065,321.0
2019-06-13 13:39:53,308,44373,308.0
2019-06-13 13:39:54,298,44671,298.0
2019-06-13 13:39:54,294,44965,294.0
2019-06-13 13:39:54,284,45249,284.0
2019-06-13 13:39:54,286,45535,286.0
2019-06-13 13:39:55,287,45822,287.0
2019-06-13 13:39:55,284,46106,284.0
2019-06-13 13:39:55,307,46413,307.0
2019-06-13 13:39:56,301,46714,301.0
2019-06-13 13:39:56,371,47085,371.0
2019-06-13 13:39:57,364,47449,364.0
2019-06-13 13:39:57,391,47840,391.0
2019-06-13 13:39:57,394,48234,394.0
2019-06-13 13:39:58,381,48615,381.0
2019-06-13 13:39:58,375,48990,375.0
2019-06-13 13:39:58,370,49360,370.0
2019-06-13 13:39:59,351,49711,351.0
2019-06-13 13:39:59,338,50049,338.0
2019-06-13 13:39:59,322,50371,322.0
2019-06-13 13:40:00,313,50684,313.0
2019-06-13 13:40:00,308,50992,308.0
2019-06-13 13:40:00,302,51294,302.0
2019-06-13 13:40:01,295,51589,295.0
2019-06-13 13:40:01,295,51884,295.0
2019-06-13 13:40:01,290,52174,290.0
2019-06-13 13:40:01,299,52473,299.0
2019-06-13 13:40:02,317,52790,317.0
2019-06-13 13:40:02,350,53140,350.0
2019-06-13 13:40:03,398,53538,398.0
2019-06-13 13:40:03,403,53941,403.0
2019-06-13 13:40:04,429,54370,429.0
2019-06-13 13:40:04,421,54791,421.0
2019-06-13 13:40:04,416,55207,416.0
2019-06-13 13:40:05,419,55626,419.0
2019-06-13 13:40:05,401,56027,401.0
2019-06-13 13:40:07,399,56426,399.0
2019-06-13 13:40:07,381,56807,381.0
2019-06-13 13:40:07,375,57182,375.0
2019-06-13 13:40:08,368,57550,368.0
2019-06-13 13:40:08,358,57908,358.0
2019-06-13 13:40:08,339,58247,339.0
2019-06-13 13:40:08,335,58582,335.0
2019-06-13 13:40:08,327,58909,327.0
2019-06-13 13:40:08,324,59233,324.0
2019-06-13 13:40:10,324,59557,324.0
2019-06-13 13:40:10,319,59876,319.0
2019-06-13 13:40:10,325,60201,325.0
2019-06-13 13:40:11,327,60528,327.0
2019-06-13 13:40:11,316,60844,316.0
2019-06-13 13:40:11,313,61157,313.0
2019-06-13 13:40:11,312,61469,312.0
2019-06-13 13:40:11,308,61777,308.0
2019-06-13 13:40:11,303,62080,303.0
2019-06-13 13:40:11,308,62388,308.0
2019-06-13 13:40:12,317,62705,317.0
2019-06-13 13:40:12,311,63016,311.0
2019-06-13 13:40:12,309,63325,309.0
2019-06-13 13:40:13,324,63649,324.0
2019-06-13 13:40:13,316,63965,316.0
2019-06-13 13:40:13,311,64276,311.0
2019-06-13 13:40:14,318,64594,318.0
2019-06-13 13:40:14,329,64923,329.0
2019-06-13 13:40:14,346,65269,346.0
2019-06-13 13:40:15,352,65621,352.0
2019-06-13 13:40:15,350,65971,350.0
2019-06-13 13:40:15,337,66308,337.0
2019-06-13 13:40:16,330,66638,330.0
2019-06-13 13:40:16,333,66971,333.0
2019-06-13 13:40:16,332,67303,332.0
2019-06-13 13:40:17,325,67628,325.0
2019-06-13 13:40:17,336,67964,336.0
2019-06-13 13:40:17,325,68289,325.0
2019-06-13 13:40:18,319,68608,319.0
2019-06-13 13:40:18,323,68931,323.0
2019-06-13 13:40:18,322,69253,322.0
2019-06-13 13:40:19,322,69575,322.0
2019-06-13 13:40:19,325,69900,325.0
2019-06-13 13:40:19,331,70231,331.0
2019-06-13 13:40:20,336,70567,336.0
2019-06-13 13:40:20,331,70898,331.0
2019-06-13 13:40:20,351,71249,351.0
2019-06-13 13:40:21,344,71593,344.0
2019-06-13 13:40:21,355,71948,355.0
2019-06-13 13:40:21,374,72322,374.0
2019-06-13 13:40:22,386,72708,386.0
2019-06-13 13:40:22,375,73083,375.0
2019-06-13 13:40:23,371,73454,371.0
2019-06-13 13:40:23,359,73813,359.0
2019-06-13 13:40:23,349,74162,349.0
2019-06-13 13:40:24,336,74498,336.0
2019-06-13 13:40:24,328,74826,328.0
2019-06-13 13:40:24,337,75163,337.0
2019-06-13 13:40:25,325,75488,325.0
2019-06-13 13:40:25,322,75810,322.0
2019-06-13 13:40:25,339,76149,339.0
2019-06-13 13:40:26,325,76474,325.0
2019-06-13 13:40:26,323,76797,323.0
2019-06-13 13:40:26,334,77131,334.0
2019-06-13 13:40:27,349,77480,349.0
2019-06-13 13:40:27,372,77852,372.0
2019-06-13 13:40:27,386,78238,386.0
2019-06-13 13:40:28,400,78638,400.0
2019-06-13 13:40:28,392,79030,392.0
2019-06-13 13:40:29,390,79420,390.0
2019-06-13 13:40:29,389,79809,389.0
2019-06-13 13:40:29,387,80196,387.0
2019-06-13 13:40:30,380,80576,380.0
2019-06-13 13:40:30,373,80949,373.0
2019-06-13 13:40:30,371,81320,371.0
2019-06-13 13:40:31,362,81682,362.0
2019-06-13 13:40:31,354,82036,354.0
2019-06-13 13:40:31,343,82379,343.0
2019-06-13 13:40:32,331,82710,331.0
2019-06-13 13:40:32,324,83034,324.0
2019-06-13 13:40:32,313,83347,313.0
2019-06-13 13:40:33,310,83657,310.0
2019-06-13 13:40:33,305,83962,305.0
2019-06-13 13:40:33,300,84262,300.0
2019-06-13 13:40:34,293,84555,293.0
2019-06-13 13:40:34,293,84848,293.0
2019-06-13 13:40:34,293,85141,293.0
2019-06-13 13:40:34,285,85426,285.0
2019-06-13 13:40:35,290,85716,290.0
2019-06-13 13:40:35,285,86001,285.0
2019-06-13 13:40:35,285,86286,285.0
2019-06-13 13:40:36,292,86578,292.0
2019-06-13 13:40:36,333,86911,333.0
2019-06-13 13:40:36,332,87243,332.0
2019-06-13 13:40:37,317,87560,317.0
2019-06-13 13:40:37,307,87867,307.0
2019-06-13 13:40:37,310,88177,310.0
2019-06-13 13:40:38,305,88482,305.0
2019-06-13 13:40:38,311,88793,311.0
2019-06-13 13:40:38,355,89148,355.0
2019-06-13 13:40:39,337,89485,337.0
2019-06-13 13:40:39,344,89829,344.0
2019-06-13 13:40:39,343,90172,343.0
2019-06-13 13:40:40,362,90534,362.0
2019-06-13 13:40:40,354,90888,354.0
2019-06-13 13:40:40,370,91258,370.0
2019-06-13 13:40:41,375,91633,375.0
2019-06-13 13:40:41,370,92003,370.0
2019-06-13 13:40:41,368,92371,368.0
2019-06-13 13:40:42,356,92727,356.0
2019-06-13 13:40:42,348,93075,348.0
2019-06-13 13:40:42,343,93418,343.0
2019-06-13 13:40:43,338,93756,338.0
2019-06-13 13:40:43,338,94094,338.0
2019-06-13 13:40:43,317,94411,317.0
2019-06-13 13:40:44,317,94728,317.0
2019-06-13 13:40:44,306,95034,306.0
2019-06-13 13:40:44,300,95334,300.0
2019-06-13 13:40:45,293,95627,293.0
2019-06-13 13:40:45,287,95914,287.0
2019-06-13 13:40:45,285,96199,285.0
2019-06-13 13:40:45,282,96481,282.0
2019-06-13 13:40:46,282,96763,282.0
2019-06-13 13:40:46,278,97041,278.0
2019-06-13 13:40:46,274,97315,274.0
2019-06-13 13:40:48,272,97587,272.0
2019-06-13 13:40:48,267,97854,267.0
2019-06-13 13:40:48,269,98123,269.0
2019-06-13 13:40:48,270,98393,270.0
2019-06-13 13:40:48,267,98660,267.0
2019-06-13 13:40:48,271,98931,271.0
2019-06-13 13:40:48,272,99203,272.0
2019-06-13 13:40:48,276,99479,276.0
2019-06-13 13:40:50,272,99751,272.0
2019-06-13 13:40:50,275,100026,275.0
2019-06-13 13:40:50,290,100316,290.0
2019-06-13 13:40:50,297,100613,297.0
2019-06-13 13:40:50,315,100928,315.0
2019-06-13 13:40:50,342,101270,342.0
2019-06-13 13:40:51,360,101630,360.0
2019-06-13 13:40:51,383,102013,383.0
2019-06-13 13:40:52,382,102395,382.0
2019-06-13 13:40:52,385,102780,385.0
2019-06-13 13:40:52,390,103170,390.0
2019-06-13 13:40:53,375,103545,375.0
2019-06-13 13:40:53,362,103907,362.0
2019-06-13 13:40:53,352,104259,352.0
2019-06-13 13:40:54,333,104592,333.0
2019-06-13 13:40:54,316,104908,316.0
2019-06-13 13:40:54,323,105231,323.0
2019-06-13 13:40:55,369,105600,369.0
2019-06-13 13:40:55,370,105970,370.0
2019-06-13 13:40:56,374,106344,374.0
2019-06-13 13:40:56,387,106731,387.0
2019-06-13 13:40:56,396,107127,396.0
2019-06-13 13:40:57,403,107530,403.0
2019-06-13 13:40:57,405,107935,405.0
2019-06-13 13:40:58,420,108355,420.0
2019-06-13 13:40:58,458,108813,458.0
2019-06-13 13:40:59,461,109274,461.0
2019-06-13 13:40:59,440,109714,440.0
2019-06-13 13:40:59,423,110137,423.0
2019-06-13 13:41:00,405,110542,405.0
2019-06-13 13:41:00,389,110931,389.0
2019-06-13 13:41:00,366,111297,366.0
2019-06-13 13:41:01,339,111636,339.0
2019-06-13 13:41:01,320,111956,320.0
2019-06-13 13:41:01,303,112259,303.0
2019-06-13 13:41:02,297,112556,297.0
2019-06-13 13:41:02,290,112846,290.0
2019-06-13 13:41:02,284,113130,284.0
2019-06-13 13:41:02,277,113407,277.0
2019-06-13 13:41:03,278,113685,278.0
2019-06-13 13:41:03,277,113962,277.0
2019-06-13 13:41:03,274,114236,274.0
2019-06-13 13:41:04,283,114519,283.0
2019-06-13 13:41:04,291,114810,291.0
2019-06-13 13:41:04,301,115111,301.0
2019-06-13 13:41:04,298,115409,298.0
2019-06-13 13:41:05,303,115712,303.0
2019-06-13 13:41:05,326,116038,326.0
2019-06-13 13:41:05,321,116359,321.0
2019-06-13 13:41:06,318,116677,318.0
2019-06-13 13:41:06,333,117010,333.0
2019-06-13 13:41:06,320,117330,320.0
2019-06-13 13:41:07,320,117650,320.0
2019-06-13 13:41:07,316,117966,316.0
2019-06-13 13:41:07,321,118287,321.0
2019-06-13 13:41:08,332,118619,332.0
2019-06-13 13:41:08,367,118986,367.0
2019-06-13 13:41:09,380,119366,380.0
2019-06-13 13:41:09,374,119740,374.0
2019-06-13 13:41:09,396,120136,396.0
2019-06-13 13:41:10,400,120536,400.0
2019-06-13 13:41:10,388,120924,388.0
2019-06-13 13:41:11,381,121305,381.0
2019-06-13 13:41:11,389,121694,389.0
2019-06-13 13:41:11,382,122076,382.0
2019-06-13 13:41:12,376,122452,376.0
2019-06-13 13:41:12,376,122828,376.0
2019-06-13 13:41:12,365,123193,365.0
2019-06-13 13:41:13,361,123554,361.0
2019-06-13 13:41:13,402,123956,402.0
2019-06-13 13:41:14,408,124364,408.0
2019-06-13 13:41:14,430,124794,430.0
2019-06-13 13:41:15,431,125225,431.0
2019-06-13 13:41:15,423,125648,423.0
2019-06-13 13:41:15,426,126074,426.0
2019-06-13 13:41:16,424,126498,424.0
2019-06-13 13:41:16,469,126967,469.0
2019-06-13 13:41:17,534,127501,
2019-06-13 13:41:17,444,127945,444.0
2019-06-13 13:41:18,427,128372,427.0
2019-06-13 13:41:18,416,128788,416.0
2019-06-13 13:41:18,393,129181,393.0
2019-06-13 13:41:19,384,129565,384.0
2019-06-13 13:41:19,381,129946,381.0
2019-06-13 13:41:19,378,130324,378.0
2019-06-13 13:41:20,370,130694,370.0
2019-06-13 13:41:20,376,131070,376.0
2019-06-13 13:41:21,390,131460,390.0
2019-06-13 13:41:21,405,131865,405.0
2019-06-13 13:41:22,399,132264,399.0
2019-06-13 13:41:22,402,132666,402.0
2019-06-13 13:41:22,388,133054,388.0
2019-06-13 13:41:23,382,133436,382.0
2019-06-13 13:41:23,370,133806,370.0
2019-06-13 13:41:23,356,134162,356.0
2019-06-13 13:41:24,342,134504,342.0
2019-06-13 13:41:24,330,134834,330.0
2019-06-13 13:41:24,319,135153,319.0
2019-06-13 13:41:25,321,135474,321.0
2019-06-13 13:41:25,311,135785,311.0
2019-06-13 13:41:25,321,136106,321.0
2019-06-13 13:41:26,331,136437,331.0
2019-06-13 13:41:26,337,136774,337.0
2019-06-13 13:41:26,317,137091,317.0
2019-06-13 13:41:27,320,137411,320.0
2019-06-13 13:41:27,315,137726,315.0
2019-06-13 13:41:27,315,138041,315.0
2019-06-13 13:41:27,305,138346,305.0
2019-06-13 13:41:28,301,138647,301.0
2019-06-13 13:41:28,303,138950,303.0
2019-06-13 13:41:28,308,139258,308.0
2019-06-13 13:41:29,323,139581,323.0
2019-06-13 13:41:29,375,139956,375.0
2019-06-13 13:41:30,396,140352,396.0
2019-06-13 13:41:30,427,140779,427.0
2019-06-13 13:41:31,448,141227,448.0
2019-06-13 13:41:31,475,141702,475.0
2019-06-13 13:41:32,500,142202,500.0
2019-06-13 13:41:32,488,142690,488.0
2019-06-13 13:41:33,468,143158,468.0
2019-06-13 13:41:33,481,143639,481.0
2019-06-13 13:41:34,537,144176,537.0
2019-06-13 13:41:34,542,144718,542.0
2019-06-13 13:41:35,590,145308,590.0
2019-06-13 13:41:35,546,145854,546.0
2019-06-13 13:41:36,644,146498,644.0
2019-06-13 13:41:36,451,146949,451.0
2019-06-13 13:41:37,438,147387,438.0
2019-06-13 13:41:38,469,147856,469.0
2019-06-13 13:41:38,692,148548,692.0
2019-06-13 13:41:39,788,149336,788.0
2019-06-13 13:41:40,670,150006,670.0
2019-06-13 13:41:41,656,150662,656.0
2019-06-13 13:41:41,735,151397,735.0
2019-06-13 13:41:42,665,152062,665.0
2019-06-13 13:41:43,663,152725,663.0
2019-06-13 13:41:43,793,153518,793.0
2019-06-13 13:41:44,676,154194,676.0
2019-06-13 13:41:45,734,154928,734.0
2019-06-13 13:41:45,750,155678,750.0
2019-06-13 13:41:46,668,156346,668.0
2019-06-13 13:41:46,583,156929,583.0
2019-06-13 13:41:47,515,157444,515.0
2019-06-13 13:41:48,523,157967,523.0
2019-06-13 13:41:48,515,158482,515.0
2019-06-13 13:41:48,526,159008,526.0
2019-06-13 13:41:49,494,159502,494.0
2019-06-13 13:41:49,449,159951,449.0
2019-06-13 13:41:50,464,160415,464.0
2019-06-13 13:41:51,569,160984,569.0
2019-06-13 13:41:52,648,161632,648.0
2019-06-13 13:41:52,722,162354,722.0
2019-06-13 13:41:53,766,163120,766.0
2019-06-13 13:41:54,808,163928,808.0
2019-06-13 13:41:54,831,164759,831.0
2019-06-13 13:41:55,616,165375,616.0
2019-06-13 13:41:56,575,165950,575.0
2019-06-13 13:41:56,557,166507,557.0
2019-06-13 13:41:57,603,167110,603.0
2019-06-13 13:41:57,610,167720,610.0
2019-06-13 13:41:58,587,168307,587.0
2019-06-13 13:41:58,503,168810,503.0
2019-06-13 13:41:59,503,169313,503.0
2019-06-13 13:41:59,487,169800,487.0
2019-06-13 13:42:00,480,170280,480.0
2019-06-13 13:42:00,481,170761,481.0
2019-06-13 13:42:01,466,171227,466.0
2019-06-13 13:42:01,461,171688,461.0
2019-06-13 13:42:02,451,172139,451.0
2019-06-13 13:42:02,458,172597,458.0
2019-06-13 13:42:03,481,173078,481.0
2019-06-13 13:42:03,485,173563,485.0
2019-06-13 13:42:04,491,174054,491.0
2019-06-13 13:42:04,505,174559,505.0
2019-06-13 13:42:05,538,175097,538.0
2019-06-13 13:42:05,565,175662,565.0
2019-06-13 13:42:06,611,176273,611.0
2019-06-13 13:42:07,669,176942,669.0
2019-06-13 13:42:07,634,177576,634.0
2019-06-13 13:42:08,643,178219,643.0
2019-06-13 13:42:09,625,178844,625.0
2019-06-13 13:42:09,615,179459,615.0
2019-06-13 13:42:10,635,180094,635.0
2019-06-13 13:42:11,675,180769,675.0
2019-06-13 13:42:11,674,181443,674.0
2019-06-13 13:42:12,676,182119,676.0
2019-06-13 13:42:13,649,182768,649.0
2019-06-13 13:42:13,632,183400,632.0
2019-06-13 13:42:14,627,184027,627.0
2019-06-13 13:42:14,631,184658,631.0
2019-06-13 13:42:15,628,185286,628.0
2019-06-13 13:42:16,703,185989,703.0
2019-06-13 13:42:16,626,186615,626.0
2019-06-13 13:42:17,636,187251,636.0
2019-06-13 13:42:18,669,187920,669.0
2019-06-13 13:42:18,634,188554,634.0
2019-06-13 13:42:19,625,189179,625.0
2019-06-13 13:42:20,625,189804,625.0
2019-06-13 13:42:20,629,190433,629.0
2019-06-13 13:42:21,603,191036,603.0
2019-06-13 13:42:21,585,191621,585.0
2019-06-13 13:42:22,515,192136,515.0
2019-06-13 13:42:22,477,192613,
2019-06-13 13:42:23,580,193193,580.0
2019-06-13 13:42:24,595,193788,595.0
2019-06-13 13:42:24,607,194395,607.0
2019-06-13 13:42:25,611,195006,611.0
2019-06-13 13:42:25,623,195629,623.0
2019-06-13 13:42:26,609,196238,609.0
2019-06-13 13:42:27,593,196831,593.0
2019-06-13 13:42:27,649,197480,649.0
2019-06-13 13:42:28,647,198127,647.0
2019-06-13 13:42:29,652,198779,652.0
2019-06-13 13:42:29,695,199474,695.0
2019-06-13 13:42:30,641,200115,641.0
2019-06-13 13:42:31,633,200748,633.0
2019-06-13 13:42:31,660,201408,660.0
2019-06-13 13:42:33,669,202077,669.0
2019-06-13 13:42:33,596,202673,596.0
2019-06-13 13:42:33,574,203247,574.0
2019-06-13 13:42:34,591,203838,591.0
2019-06-13 13:42:34,620,204458,620.0
2019-06-13 13:42:35,653,205111,653.0
2019-06-13 13:42:35,549,205660,549.0
2019-06-13 13:42:36,541,206201,541.0
2019-06-13 13:42:36,489,206690,489.0
2019-06-13 13:42:37,468,207158,468.0
2019-06-13 13:42:37,460,207618,460.0
2019-06-13 13:42:38,449,208067,449.0
2019-06-13 13:42:38,481,208548,481.0
2019-06-13 13:42:39,483,209031,483.0
2019-06-13 13:42:39,493,209524,493.0
2019-06-13 13:42:41,487,210011,487.0
2019-06-13 13:42:41,493,210504,493.0
2019-06-13 13:42:41,502,211006,502.0
2019-06-13 13:42:41,525,211531,525.0
2019-06-13 13:42:42,536,212067,536.0
2019-06-13 13:42:42,628,212695,628.0
2019-06-13 13:42:43,647,213342,647.0
2019-06-13 13:42:44,652,213994,652.0
2019-06-13 13:42:45,706,214700,706.0
2019-06-13 13:42:45,712,215412,712.0
2019-06-13 13:42:46,640,216052,640.0
2019-06-13 13:42:47,637,216689,637.0
2019-06-13 13:42:47,653,217342,653.0
2019-06-13 13:42:48,692,218034,692.0
2019-06-13 13:42:49,697,218731,697.0
2019-06-13 13:42:50,742,219473,742.0
2019-06-13 13:42:50,671,220144,671.0
2019-06-13 13:42:51,815,220959,815.0
2019-06-13 13:42:51,641,221600,641.0
2019-06-13 13:42:52,592,222192,592.0
2019-06-13 13:42:53,698,222890,698.0
2019-06-13 13:42:53,654,223544,654.0
2019-06-13 13:42:54,704,224248,704.0
2019-06-13 13:42:55,645,224893,645.0
2019-06-13 13:42:55,729,225622,729.0
2019-06-13 13:42:56,716,226338,716.0
2019-06-13 13:42:57,585,226923,585.0
2019-06-13 13:42:57,571,227494,571.0
2019-06-13 13:42:58,593,228087,593.0
2019-06-13 13:42:59,634,228721,634.0
2019-06-13 13:42:59,644,229365,644.0
2019-06-13 13:43:00,644,230009,644.0
2019-06-13 13:43:01,801,230810,801.0
2019-06-13 13:43:01,595,231405,595.0
2019-06-13 13:43:02,586,231991,586.0
2019-06-13 13:43:02,567,232558,567.0
2019-06-13 13:43:03,569,233127,569.0
2019-06-13 13:43:03,567,233694,567.0
2019-06-13 13:43:04,618,234312,618.0
2019-06-13 13:43:05,639,234951,639.0
2019-06-13 13:43:05,583,235534,583.0
2019-06-13 13:43:06,519,236053,519.0
2019-06-13 13:43:06,536,236589,536.0
2019-06-13 13:43:07,533,237122,533.0
2019-06-13 13:43:07,537,237659,537.0
2019-06-13 13:43:08,519,238178,519.0
2019-06-13 13:43:08,543,238721,543.0
2019-06-13 13:43:09,551,239272,551.0
2019-06-13 13:43:09,611,239883,611.0
2019-06-13 13:43:10,555,240438,555.0
2019-06-13 13:43:11,519,240957,519.0
2019-06-13 13:43:11,536,241493,536.0
2019-06-13 13:43:12,529,242022,529.0
2019-06-13 13:43:12,521,242543,521.0
2019-06-13 13:43:13,504,243047,504.0
2019-06-13 13:43:13,502,243549,502.0
2019-06-13 13:43:14,505,244054,505.0
2019-06-13 13:43:14,490,244544,490.0
2019-06-13 13:43:15,506,245050,506.0
2019-06-13 13:43:15,519,245569,519.0
2019-06-13 13:43:16,757,246326,757.0
2019-06-13 13:43:17,571,246897,571.0
2019-06-13 13:43:18,816,247713,816.0
2019-06-13 13:43:18,623,248336,623.0
2019-06-13 13:43:19,791,249127,791.0
2019-06-13 13:43:20,589,249716,589.0
2019-06-13 13:43:20,875,250591,875.0
2019-06-13 13:43:21,616,251207,616.0
2019-06-13 13:43:23,611,251818,611.0
2019-06-13 13:43:23,643,252461,643.0
2019-06-13 13:43:24,624,253085,624.0
2019-06-13 13:43:24,786,253871,786.0
2019-06-13 13:43:24,631,254502,631.0
2019-06-13 13:43:25,552,255054,552.0
2019-06-13 13:43:26,730,255784,730.0
2019-06-13 13:43:26,639,256423,639.0
2019-06-13 13:43:27,712,257135,712.0
2019-06-13 13:43:28,796,257931,796.0
2019-06-13 13:43:28,616,258547,616.0
2019-06-13 13:43:29,582,259129,582.0
2019-06-13 13:43:29,574,259703,574.0
2019-06-13 13:43:30,572,260275,572.0
2019-06-13 13:43:30,540,260815,540.0
2019-06-13 13:43:31,509,261324,509.0
2019-06-13 13:43:31,485,261809,485.0
2019-06-13 13:43:32,537,262346,537.0
2019-06-13 13:43:33,539,262885,539.0
2019-06-13 13:43:33,528,263413,528.0
2019-06-13 13:43:34,583,263996,583.0
2019-06-13 13:43:34,579,264575,579.0
2019-06-13 13:43:35,532,265107,532.0
2019-06-13 13:43:35,478,265585,478.0
2019-06-13 13:43:35,462,266047,462.0
2019-06-13 13:43:36,439,266486,439.0
2019-06-13 13:43:36,418,266904,418.0
2019-06-13 13:43:37,400,267304,400.0
2019-06-13 13:43:37,383,267687,383.0
2019-06-13 13:43:37,374,268061,374.0
2019-06-13 13:43:38,356,268417,356.0
2019-06-13 13:43:38,344,268761,344.0
2019-06-13 13:43:38,333,269094,333.0
2019-06-13 13:43:39,318,269412,318.0
2019-06-13 13:43:39,313,269725,313.0
2019-06-13 13:43:39,305,270030,305.0
2019-06-13 13:43:39,298,270328,298.0
2019-06-13 13:43:40,291,270619,291.0
2019-06-13 13:43:40,286,270905,286.0
2019-06-13 13:43:40,284,271189,284.0
2019-06-13 13:43:41,288,271477,288.0
2019-06-13 13:43:41,283,271760,283.0
2019-06-13 13:43:41,276,272036,276.0
2019-06-13 13:43:41,282,272318,282.0
2019-06-13 13:43:42,281,272599,281.0
2019-06-13 13:43:42,281,272880,281.0
2019-06-13 13:43:42,295,273175,295.0
2019-06-13 13:43:43,299,273474,299.0
2019-06-13 13:43:43,305,273779,305.0
2019-06-13 13:43:43,304,274083,304.0
2019-06-13 13:43:44,323,274406,323.0
2019-06-13 13:43:44,321,274727,321.0
2019-06-13 13:43:44,347,275074,347.0
2019-06-13 13:43:45,355,275429,355.0
2019-06-13 13:43:45,368,275797,368.0
2019-06-13 13:43:46,375,276172,375.0
2019-06-13 13:43:46,408,276580,408.0
2019-06-13 13:43:46,407,276987,407.0
2019-06-13 13:43:47,413,277400,413.0
2019-06-13 13:43:47,431,277831,431.0
2019-06-13 13:43:48,416,278247,416.0
2019-06-13 13:43:48,394,278641,394.0
2019-06-13 13:43:48,397,279038,397.0
2019-06-13 13:43:49,371,279409,371.0
2019-06-13 13:43:49,372,279781,372.0
2019-06-13 13:43:50,397,280178,397.0
2019-06-13 13:43:50,498,280676,498.0
2019-06-13 13:43:51,456,281132,456.0
2019-06-13 13:43:51,586,281718,586.0
2019-06-13 13:43:52,577,282295,577.0
2019-06-13 13:43:52,487,282782,487.0
2019-06-13 13:43:53,553,283335,553.0
2019-06-13 13:43:53,448,283783,448.0
2019-06-13 13:43:55,664,284447,664.0
2019-06-13 13:43:55,484,284931,484.0
2019-06-13 13:43:55,561,285492,561.0
2019-06-13 13:43:56,463,285955,463.0
2019-06-13 13:43:56,752,286707,
2019-06-13 13:43:57,548,287255,548.0
2019-06-13 13:43:57,470,287725,470.0
2019-06-13 13:43:58,540,288265,540.0
2019-06-13 13:43:58,475,288740,475.0
2019-06-13 13:43:59,517,289257,517.0
2019-06-13 13:44:00,458,289715,458.0
2019-06-13 13:44:00,653,290368,653.0
2019-06-13 13:44:02,607,290975,607.0
2019-06-13 13:44:02,514,291489,514.0
2019-06-13 13:44:02,604,292093,604.0
2019-06-13 13:44:02,511,292604,511.0
2019-06-13 13:44:03,475,293079,475.0
2019-06-13 13:44:03,490,293569,490.0
2019-06-13 13:44:04,458,294027,458.0
2019-06-13 13:44:04,492,294519,492.0
2019-06-13 13:44:04,448,294967,448.0
2019-06-13 13:44:05,479,295446,479.0
2019-06-13 13:44:05,452,295898,452.0
2019-06-13 13:44:06,461,296359,461.0
2019-06-13 13:44:06,520,296879,520.0
2019-06-13 13:44:07,477,297356,477.0
2019-06-13 13:44:07,503,297859,503.0
2019-06-13 13:44:08,482,298341,482.0
2019-06-13 13:44:08,475,298816,475.0
2019-06-13 13:44:09,483,299299,483.0
2019-06-13 13:44:09,480,299779,480.0
2019-06-13 13:44:10,463,300242,463.0
2019-06-13 13:44:10,455,300697,455.0
2019-06-13 13:44:11,456,301153,456.0
2019-06-13 13:44:11,488,301641,488.0
2019-06-13 13:44:12,501,302142,501.0
2019-06-13 13:44:12,637,302779,637.0
2019-06-13 13:44:13,540,303319,540.0
2019-06-13 13:44:14,543,303862,543.0
2019-06-13 13:44:14,568,304430,568.0
2019-06-13 13:44:15,558,304988,558.0
2019-06-13 13:44:15,542,305530,542.0
2019-06-13 13:44:16,502,306032,502.0
2019-06-13 13:44:16,481,306513,481.0
2019-06-13 13:44:17,470,306983,470.0
2019-06-13 13:44:17,474,307457,474.0
2019-06-13 13:44:17,485,307942,485.0
2019-06-13 13:44:18,481,308423,481.0
2019-06-13 13:44:18,448,308871,448.0
2019-06-13 13:44:19,426,309297,426.0
2019-06-13 13:44:19,399,309696,399.0
2019-06-13 13:44:19,376,310072,376.0
2019-06-13 13:44:20,358,310430,358.0
2019-06-13 13:44:20,344,310774,344.0
2019-06-13 13:44:20,334,311108,334.0
2019-06-13 13:44:21,325,311433,325.0
2019-06-13 13:44:21,324,311757,324.0
2019-06-13 13:44:21,320,312077,320.0
2019-06-13 13:44:22,314,312391,314.0
2019-06-13 13:44:22,311,312702,311.0
2019-06-13 13:44:22,311,313013,311.0
2019-06-13 13:44:23,307,313320,307.0
2019-06-13 13:44:23,303,313623,303.0
2019-06-13 13:44:23,312,313935,312.0
2019-06-13 13:44:23,304,314239,304.0
2019-06-13 13:44:24,300,314539,300.0
2019-06-13 13:44:24,302,314841,302.0
2019-06-13 13:44:24,295,315136,295.0
2019-06-13 13:44:25,299,315435,299.0
2019-06-13 13:44:25,304,315739,304.0
2019-06-13 13:44:25,298,316037,298.0
2019-06-13 13:44:26,300,316337,300.0
2019-06-13 13:44:26,303,316640,303.0
2019-06-13 13:44:26,302,316942,302.0
2019-06-13 13:44:26,302,317244,302.0
2019-06-13 13:44:27,308,317552,308.0
2019-06-13 13:44:27,305,317857,305.0
2019-06-13 13:44:27,306,318163,306.0
2019-06-13 13:44:28,310,318473,310.0
2019-06-13 13:44:28,313,318786,313.0
2019-06-13 13:44:28,322,319108,322.0
2019-06-13 13:44:29,333,319441,333.0
2019-06-13 13:44:29,342,319783,342.0
2019-06-13 13:44:30,376,320159,376.0
2019-06-13 13:44:30,399,320558,399.0
2019-06-13 13:44:30,387,320945,387.0
2019-06-13 13:44:31,402,321347,402.0
2019-06-13 13:44:31,417,321764,417.0
2019-06-13 13:44:32,429,322193,429.0
2019-06-13 13:44:32,455,322648,455.0
2019-06-13 13:44:33,416,323064,416.0
2019-06-13 13:44:33,411,323475,411.0
2019-06-13 13:44:33,414,323889,414.0
2019-06-13 13:44:34,409,324298,409.0
2019-06-13 13:44:34,404,324702,404.0
2019-06-13 13:44:34,391,325093,391.0
2019-06-13 13:44:35,375,325468,375.0
2019-06-13 13:44:35,363,325831,363.0
2019-06-13 13:44:36,370,326201,370.0
2019-06-13 13:44:36,374,326575,374.0
2019-06-13 13:44:36,405,326980,405.0
2019-06-13 13:44:37,412,327392,412.0
2019-06-13 13:44:37,440,327832,440.0
2019-06-13 13:44:38,431,328263,431.0
2019-06-13 13:44:38,454,328717,454.0
2019-06-13 13:44:39,437,329154,437.0
2019-06-13 13:44:39,433,329587,433.0
2019-06-13 13:44:39,418,330005,418.0
2019-06-13 13:44:40,411,330416,411.0
2019-06-13 13:44:40,406,330822,406.0
2019-06-13 13:44:42,397,331219,397.0
2019-06-13 13:44:42,396,331615,396.0
2019-06-13 13:44:42,394,332009,394.0
2019-06-13 13:44:43,387,332396,387.0
2019-06-13 13:44:43,384,332780,384.0
2019-06-13 13:44:44,380,333160,380.0
2019-06-13 13:44:44,375,333535,375.0
2019-06-13 13:44:44,375,333910,375.0
2019-06-13 13:44:44,394,334304,394.0
2019-06-13 13:44:44,390,334694,390.0
2019-06-13 13:44:44,390,335084,390.0
2019-06-13 13:44:45,385,335469,385.0
2019-06-13 13:44:45,373,335842,373.0
2019-06-13 13:44:46,365,336207,365.0
2019-06-13 13:44:46,364,336571,364.0
2019-06-13 13:44:46,351,336922,351.0
2019-06-13 13:44:47,345,337267,345.0
2019-06-13 13:44:47,341,337608,341.0
2019-06-13 13:44:47,345,337953,345.0
2019-06-13 13:44:48,363,338316,363.0
2019-06-13 13:44:48,356,338672,356.0
2019-06-13 13:44:48,370,339042,370.0
2019-06-13 13:44:50,373,339415,373.0
2019-06-13 13:44:50,369,339784,369.0
2019-06-13 13:44:50,377,340161,377.0
2019-06-13 13:44:50,381,340542,381.0
2019-06-13 13:44:50,375,340917,375.0
2019-06-13 13:44:51,382,341299,382.0
2019-06-13 13:44:51,398,341697,398.0
2019-06-13 13:44:52,405,342102,405.0
2019-06-13 13:44:52,416,342518,416.0
2019-06-13 13:44:53,428,342946,428.0
2019-06-13 13:44:53,442,343388,442.0
2019-06-13 13:44:53,458,343846,458.0
2019-06-13 13:44:54,499,344345,
2019-06-13 13:44:54,469,344814,469.0
2019-06-13 13:44:55,447,345261,447.0
2019-06-13 13:44:55,418,345679,418.0
2019-06-13 13:44:56,396,346075,396.0
2019-06-13 13:44:56,386,346461,386.0
2019-06-13 13:44:56,384,346845,384.0
2019-06-13 13:44:57,377,347222,377.0
2019-06-13 13:44:57,377,347599,377.0
2019-06-13 13:44:57,382,347981,382.0
2019-06-13 13:44:58,381,348362,381.0
2019-06-13 13:44:58,390,348752,390.0
2019-06-13 13:44:59,387,349139,387.0
2019-06-13 13:44:59,377,349516,377.0
2019-06-13 13:44:59,370,349886,370.0
2019-06-13 13:45:00,359,350245,359.0
2019-06-13 13:45:00,346,350591,346.0
2019-06-13 13:45:00,345,350936,345.0
2019-06-13 13:45:01,336,351272,336.0
2019-06-13 13:45:01,333,351605,333.0
2019-06-13 13:45:01,336,351941,336.0
2019-06-13 13:45:02,334,352275,334.0
2019-06-13 13:45:02,335,352610,335.0
2019-06-13 13:45:02,334,352944,334.0
2019-06-13 13:45:03,331,353275,331.0
2019-06-13 13:45:03,341,353616,341.0
2019-06-13 13:45:03,367,353983,367.0
2019-06-13 13:45:04,400,354383,400.0
2019-06-13 13:45:04,390,354773,390.0
2019-06-13 13:45:05,416,355189,416.0
2019-06-13 13:45:05,415,355604,415.0
2019-06-13 13:45:05,409,356013,409.0
2019-06-13 13:45:06,407,356420,407.0
2019-06-13 13:45:06,397,356817,397.0
2019-06-13 13:45:07,386,357203,386.0
2019-06-13 13:45:07,376,357579,376.0
2019-06-13 13:45:07,405,357984,405.0
2019-06-13 13:45:08,418,358402,418.0
2019-06-13 13:45:08,426,358828,426.0
2019-06-13 13:45:09,414,359242,414.0
2019-06-13 13:45:09,419,359661,419.0
2019-06-13 13:45:10,429,360090,429.0
2019-06-13 13:45:10,449,360539,449.0
2019-06-13 13:45:11,449,360988,449.0
2019-06-13 13:45:11,550,361538,550.0
2019-06-13 13:45:12,594,362132,594.0
2019-06-13 13:45:12,615,362747,615.0
2019-06-13 13:45:13,510,363257,510.0
2019-06-13 13:45:13,474,363731,474.0
2019-06-13 13:45:14,504,364235,504.0
2019-06-13 13:45:14,484,364719,484.0
2019-06-13 13:45:15,477,365196,477.0
2019-06-13 13:45:16,536,365732,536.0
2019-06-13 13:45:16,603,366335,603.0
2019-06-13 13:45:17,599,366934,599.0
2019-06-13 13:45:17,554,367488,554.0
2019-06-13 13:45:18,492,367980,492.0
2019-06-13 13:45:18,499,368479,499.0
2019-06-13 13:45:19,523,369002,523.0
2019-06-13 13:45:19,547,369549,547.0
2019-06-13 13:45:20,539,370088,539.0
2019-06-13 13:45:20,527,370615,527.0
2019-06-13 13:45:21,484,371099,484.0
2019-06-13 13:45:21,467,371566,467.0
2019-06-13 13:45:22,499,372065,499.0
2019-06-13 13:45:22,494,372559,494.0
2019-06-13 13:45:23,489,373048,489.0
2019-06-13 13:45:23,478,373526,478.0
2019-06-13 13:45:24,452,373978,452.0
2019-06-13 13:45:24,439,374417,439.0
2019-06-13 13:45:24,424,374841,424.0
2019-06-13 13:45:25,415,375256,415.0
2019-06-13 13:45:25,417,375673,417.0
2019-06-13 13:45:26,416,376089,416.0
2019-06-13 13:45:26,430,376519,430.0
2019-06-13 13:45:27,448,376967,448.0
2019-06-13 13:45:27,476,377443,476.0
2019-06-13 13:45:28,497,377940,497.0
2019-06-13 13:45:28,464,378404,464.0
2019-06-13 13:45:28,446,378850,446.0
2019-06-13 13:45:29,429,379279,429.0
2019-06-13 13:45:29,407,379686,407.0
2019-06-13 13:45:30,389,380075,389.0
2019-06-13 13:45:30,377,380452,377.0
2019-06-13 13:45:30,367,380819,367.0
2019-06-13 13:45:31,355,381174,355.0
2019-06-13 13:45:31,348,381522,348.0
2019-06-13 13:45:31,342,381864,342.0
2019-06-13 13:45:32,332,382196,332.0
2019-06-13 13:45:32,325,382521,325.0
2019-06-13 13:45:32,319,382840,319.0
2019-06-13 13:45:33,323,383163,323.0
2019-06-13 13:45:33,339,383502,339.0
2019-06-13 13:45:33,342,383844,342.0
2019-06-13 13:45:34,336,384180,336.0
2019-06-13 13:45:34,331,384511,331.0
2019-06-13 13:45:34,321,384832,321.0
2019-06-13 13:45:34,321,385153,321.0
2019-06-13 13:45:35,312,385465,312.0
2019-06-13 13:45:35,301,385766,301.0
2019-06-13 13:45:35,292,386058,292.0
2019-06-13 13:45:37,290,386348,290.0
2019-06-13 13:45:37,283,386631,283.0
2019-06-13 13:45:37,281,386912,281.0
2019-06-13 13:45:38,303,387215,303.0
2019-06-13 13:45:38,342,387557,342.0
2019-06-13 13:45:38,344,387901,344.0
2019-06-13 13:45:38,343,388244,343.0
2019-06-13 13:45:38,338,388582,338.0
2019-06-13 13:45:38,335,388917,335.0
2019-06-13 13:45:39,382,389299,382.0
2019-06-13 13:45:39,419,389718,419.0
2019-06-13 13:45:40,450,390168,
2019-06-13 13:45:40,432,390600,432.0
2019-06-13 13:45:41,415,391015,415.0
2019-06-13 13:45:41,399,391414,399.0
2019-06-13 13:45:41,392,391806,392.0
2019-06-13 13:45:42,381,392187,381.0
2019-06-13 13:45:42,359,392546,359.0
2019-06-13 13:45:42,339,392885,339.0
2019-06-13 13:45:43,326,393211,326.0
2019-06-13 13:45:43,315,393526,315.0
2019-06-13 13:45:43,308,393834,308.0
2019-06-13 13:45:43,303,394137,303.0
2019-06-13 13:45:44,310,394447,310.0
2019-06-13 13:45:44,309,394756,309.0
2019-06-13 13:45:44,310,395066,310.0
2019-06-13 13:45:45,309,395375,309.0
2019-06-13 13:45:45,335,395710,335.0
2019-06-13 13:45:45,325,396035,325.0
2019-06-13 13:45:46,318,396353,318.0
2019-06-13 13:45:46,314,396667,314.0
2019-06-13 13:45:46,314,396981,314.0
2019-06-13 13:45:47,304,397285,304.0
2019-06-13 13:45:47,302,397587,302.0
2019-06-13 13:45:47,296,397883,296.0
2019-06-13 13:45:47,293,398176,293.0
2019-06-13 13:45:48,290,398466,290.0
2019-06-13 13:45:48,285,398751,285.0
2019-06-13 13:45:48,280,399031,280.0
2019-06-13 13:45:49,277,399308,277.0
2019-06-13 13:45:49,274,399582,274.0
2019-06-13 13:45:49,269,399851,269.0
2019-06-13 13:45:49,270,400121,270.0
2019-06-13 13:45:50,278,400399,278.0
2019-06-13 13:45:50,278,400677,278.0
2019-06-13 13:45:50,276,400953,276.0
2019-06-13 13:45:51,278,401231,278.0
2019-06-13 13:45:51,290,401521,290.0
2019-06-13 13:45:51,303,401824,303.0
2019-06-13 13:45:51,294,402118,294.0
2019-06-13 13:45:52,303,402421,303.0
2019-06-13 13:45:52,310,402731,310.0
2019-06-13 13:45:52,321,403052,321.0
2019-06-13 13:45:53,332,403384,332.0
2019-06-13 13:45:53,320,403704,320.0
2019-06-13 13:45:53,310,404014,310.0
2019-06-13 13:45:54,307,404321,307.0
2019-06-13 13:45:54,304,404625,304.0
2019-06-13 13:45:54,297,404922,297.0
2019-06-13 13:45:56,293,405215,293.0
2019-06-13 13:45:56,295,405510,295.0
2019-06-13 13:45:56,297,405807,297.0
2019-06-13 13:45:56,296,406103,296.0
2019-06-13 13:45:58,303,406406,303.0
2019-06-13 13:45:58,304,406710,304.0
2019-06-13 13:45:58,318,407028,318.0
2019-06-13 13:45:58,434,407462,
2019-06-13 13:45:58,415,407877,415.0
2019-06-13 13:45:58,405,408282,405.0
2019-06-13 13:45:58,387,408669,387.0
2019-06-13 13:45:58,375,409044,375.0
2019-06-13 13:45:59,354,409398,354.0
2019-06-13 13:45:59,332,409730,332.0
2019-06-13 13:45:59,317,410047,317.0
2019-06-13 13:46:00,306,410353,306.0
2019-06-13 13:46:00,293,410646,293.0
2019-06-13 13:46:00,291,410937,291.0
2019-06-13 13:46:01,282,411219,282.0
2019-06-13 13:46:01,282,411501,282.0
2019-06-13 13:46:01,275,411776,275.0
2019-06-13 13:46:01,281,412057,281.0
2019-06-13 13:46:02,277,412334,277.0
2019-06-13 13:46:02,283,412617,283.0
2019-06-13 13:46:02,284,412901,284.0
2019-06-13 13:46:04,290,413191,290.0
2019-06-13 13:46:04,296,413487,296.0
2019-06-13 13:46:04,299,413786,299.0
2019-06-13 13:46:04,300,414086,300.0
2019-06-13 13:46:05,307,414393,307.0
2019-06-13 13:46:05,310,414703,310.0
2019-06-13 13:46:05,311,415014,311.0
2019-06-13 13:46:05,298,415312,298.0
2019-06-13 13:46:05,299,415611,299.0
2019-06-13 13:46:05,301,415912,301.0
2019-06-13 13:46:06,310,416222,310.0
2019-06-13 13:46:06,314,416536,314.0
2019-06-13 13:46:06,306,416842,306.0
2019-06-13 13:46:07,303,417145,303.0
2019-06-13 13:46:07,301,417446,301.0
2019-06-13 13:46:07,306,417752,306.0
2019-06-13 13:46:07,305,418057,305.0
2019-06-13 13:46:08,315,418372,315.0
2019-06-13 13:46:08,318,418690,318.0
2019-06-13 13:46:08,317,419007,317.0
2019-06-13 13:46:09,324,419331,324.0
2019-06-13 13:46:09,331,419662,331.0
2019-06-13 13:46:09,347,420009,347.0
2019-06-13 13:46:11,340,420349,340.0
2019-06-13 13:46:11,333,420682,333.0
2019-06-13 13:46:11,341,421023,341.0
2019-06-13 13:46:11,360,421383,360.0
2019-06-13 13:46:11,354,421737,354.0
2019-06-13 13:46:12,355,422092,355.0
2019-06-13 13:46:12,377,422469,377.0
2019-06-13 13:46:12,412,422881,412.0
2019-06-13 13:46:13,396,423277,396.0
2019-06-13 13:46:13,392,423669,392.0
2019-06-13 13:46:14,380,424049,380.0
2019-06-13 13:46:14,369,424418,369.0
2019-06-13 13:46:14,346,424764,346.0
2019-06-13 13:46:14,324,425088,324.0
2019-06-13 13:46:15,304,425392,304.0
2019-06-13 13:46:15,298,425690,298.0
2019-06-13 13:46:15,300,425990,300.0
2019-06-13 13:46:16,299,426289,299.0
2019-06-13 13:46:16,306,426595,306.0
2019-06-13 13:46:16,320,426915,320.0
2019-06-13 13:46:17,355,427270,355.0
2019-06-13 13:46:17,383,427653,383.0
2019-06-13 13:46:18,444,428097,444.0
2019-06-13 13:46:18,454,428551,454.0
2019-06-13 13:46:19,540,429091,
2019-06-13 13:46:19,539,429630,
2019-06-13 13:46:21,445,430075,445.0
2019-06-13 13:46:21,417,430492,417.0
2019-06-13 13:46:21,400,430892,400.0
2019-06-13 13:46:22,417,431309,417.0
2019-06-13 13:46:22,421,431730,421.0
2019-06-13 13:46:22,436,432166,436.0
2019-06-13 13:46:22,436,432602,436.0
2019-06-13 13:46:23,407,433009,407.0
2019-06-13 13:46:23,394,433403,394.0
2019-06-13 13:46:23,382,433785,382.0
2019-06-13 13:46:24,365,434150,365.0
2019-06-13 13:46:24,339,434489,339.0
2019-06-13 13:46:24,321,434810,321.0
2019-06-13 13:46:25,316,435126,316.0
2019-06-13 13:46:25,310,435436,310.0
2019-06-13 13:46:25,314,435750,314.0
2019-06-13 13:46:26,352,436102,352.0
2019-06-13 13:46:26,385,436487,385.0
2019-06-13 13:46:26,389,436876,389.0
2019-06-13 13:46:27,401,437277,401.0
2019-06-13 13:46:27,419,437696,419.0
2019-06-13 13:46:28,467,438163,467.0
2019-06-13 13:46:28,443,438606,443.0
2019-06-13 13:46:29,432,439038,432.0
2019-06-13 13:46:29,451,439489,451.0
2019-06-13 13:46:31,442,439931,442.0
2019-06-13 13:46:31,424,440355,424.0
2019-06-13 13:46:31,435,440790,435.0
2019-06-13 13:46:31,451,441241,451.0
2019-06-13 13:46:31,433,441674,433.0
2019-06-13 13:46:32,439,442113,439.0
2019-06-13 13:46:32,496,442609,496.0
2019-06-13 13:46:33,510,443119,510.0
2019-06-13 13:46:33,518,443637,518.0
2019-06-13 13:46:34,527,444164,527.0
2019-06-13 13:46:34,485,444649,485.0
2019-06-13 13:46:35,480,445129,480.0
2019-06-13 13:46:35,456,445585,456.0
2019-06-13 13:46:36,437,446022,437.0
2019-06-13 13:46:36,415,446437,415.0
2019-06-13 13:46:36,394,446831,394.0
2019-06-13 13:46:37,383,447214,383.0
2019-06-13 13:46:37,367,447581,367.0
2019-06-13 13:46:37,347,447928,347.0
2019-06-13 13:46:38,344,448272,344.0
2019-06-13 13:46:38,332,448604,332.0
2019-06-13 13:46:38,321,448925,321.0
2019-06-13 13:46:39,316,449241,316.0
2019-06-13 13:46:39,309,449550,309.0
2019-06-13 13:46:39,303,449853,303.0
2019-06-13 13:46:40,303,450156,303.0
2019-06-13 13:46:40,302,450458,302.0
2019-06-13 13:46:40,324,450782,324.0
2019-06-13 13:46:41,406,451188,406.0
2019-06-13 13:46:41,428,451616,428.0
2019-06-13 13:46:42,439,452055,439.0
2019-06-13 13:46:42,512,452567,512.0
2019-06-13 13:46:43,467,453034,467.0
2019-06-13 13:46:43,441,453475,441.0
2019-06-13 13:46:44,482,453957,482.0
2019-06-13 13:46:44,489,454446,489.0
2019-06-13 13:46:45,522,454968,522.0
2019-06-13 13:46:45,541,455509,541.0
2019-06-13 13:46:46,521,456030,521.0
2019-06-13 13:46:46,520,456550,520.0
2019-06-13 13:46:47,484,457034,484.0
2019-06-13 13:46:47,494,457528,494.0
2019-06-13 13:46:48,540,458068,540.0
2019-06-13 13:46:48,601,458669,601.0
2019-06-13 13:46:49,509,459178,509.0
2019-06-13 13:46:49,484,459662,484.0
2019-06-13 13:46:50,435,460097,435.0
2019-06-13 13:46:50,414,460511,414.0
2019-06-13 13:46:51,402,460913,402.0
2019-06-13 13:46:52,505,461418,505.0
2019-06-13 13:46:52,684,462102,684.0
2019-06-13 13:46:53,867,462969,867.0
2019-06-13 13:46:54,740,463709,740.0
2019-06-13 13:46:55,798,464507,798.0
2019-06-13 13:46:55,706,465213,706.0
2019-06-13 13:46:56,643,465856,643.0
2019-06-13 13:46:57,820,466676,820.0
2019-06-13 13:46:57,666,467342,666.0
2019-06-13 13:46:58,743,468085,743.0
2019-06-13 13:46:59,609,468694,609.0
2019-06-13 13:47:00,797,469491,797.0
2019-06-13 13:47:00,590,470081,590.0
2019-06-13 13:47:01,746,470827,746.0
2019-06-13 13:47:02,686,471513,686.0
2019-06-13 13:47:02,603,472116,603.0
2019-06-13 13:47:03,875,472991,875.0
2019-06-13 13:47:04,569,473560,569.0
2019-06-13 13:47:04,597,474157,597.0
2019-06-13 13:47:05,573,474730,573.0
2019-06-13 13:47:06,645,475375,645.0
2019-06-13 13:47:06,575,475950,575.0
2019-06-13 13:47:07,843,476793,843.0
2019-06-13 13:47:07,636,477429,636.0
2019-06-13 13:47:08,542,477971,542.0
2019-06-13 13:47:08,529,478500,529.0
2019-06-13 13:47:10,541,479041,541.0
2019-06-13 13:47:10,619,479660,619.0
2019-06-13 13:47:11,1029,480689,1029.0
2019-06-13 13:47:12,630,481319,630.0
2019-06-13 13:47:12,891,482210,891.0
2019-06-13 13:47:13,655,482865,655.0
2019-06-13 13:47:14,699,483564,699.0
2019-06-13 13:47:14,703,484267,703.0
2019-06-13 13:47:15,726,484993,726.0
2019-06-13 13:47:15,547,485540,547.0
2019-06-13 13:47:16,482,486022,482.0
2019-06-13 13:47:16,452,486474,452.0
2019-06-13 13:47:17,433,486907,433.0
2019-06-13 13:47:17,416,487323,416.0
2019-06-13 13:47:17,410,487733,410.0
2019-06-13 13:47:18,449,488182,449.0
2019-06-13 13:47:19,470,488652,470.0
2019-06-13 13:47:19,545,489197,545.0
2019-06-13 13:47:20,543,489740,543.0
2019-06-13 13:47:21,574,490314,574.0
2019-06-13 13:47:22,526,490840,526.0
2019-06-13 13:47:22,1523,492363,
2019-06-13 13:47:23,518,492881,518.0
2019-06-13 13:47:23,487,493368,487.0
2019-06-13 13:47:24,583,493951,583.0
2019-06-13 13:47:25,612,494563,612.0
2019-06-13 13:47:25,620,495183,620.0
2019-06-13 13:47:26,589,495772,589.0
2019-06-13 13:47:26,522,496294,522.0
2019-06-13 13:47:27,564,496858,564.0
2019-06-13 13:47:28,649,497507,649.0
2019-06-13 13:47:28,622,498129,622.0
2019-06-13 13:47:30,579,498708,579.0
2019-06-13 13:47:30,564,499272,564.0
2019-06-13 13:47:31,623,499895,623.0
2019-06-13 13:47:31,594,500489,594.0
2019-06-13 13:47:31,694,501183,694.0
2019-06-13 13:47:32,551,501734,551.0
2019-06-13 13:47:32,590,502324,590.0
2019-06-13 13:47:33,543,502867,543.0
2019-06-13 13:47:34,643,503510,643.0
2019-06-13 13:47:34,570,504080,570.0
2019-06-13 13:47:35,672,504752,672.0
2019-06-13 13:47:35,551,505303,551.0
2019-06-13 13:47:36,608,505911,608.0
2019-06-13 13:47:36,652,506563,652.0
2019-06-13 13:47:37,519,507082,519.0
2019-06-13 13:47:38,551,507633,551.0
2019-06-13 13:47:38,708,508341,708.0
2019-06-13 13:47:39,623,508964,623.0
2019-06-13 13:47:40,587,509551,587.0
2019-06-13 13:47:40,571,510122,571.0
2019-06-13 13:47:41,587,510709,587.0
2019-06-13 13:47:42,900,511609,
2019-06-13 13:47:42,580,512189,580.0
2019-06-13 13:47:43,642,512831,642.0
2019-06-13 13:47:43,579,513410,579.0
2019-06-13 13:47:44,488,513898,488.0
2019-06-13 13:47:44,454,514352,454.0
2019-06-13 13:47:44,430,514782,430.0
2019-06-13 13:47:45,409,515191,409.0
2019-06-13 13:47:45,389,515580,389.0
2019-06-13 13:47:46,375,515955,375.0
2019-06-13 13:47:46,362,516317,362.0
2019-06-13 13:47:46,361,516678,361.0
2019-06-13 13:47:47,351,517029,351.0
2019-06-13 13:47:47,377,517406,377.0
2019-06-13 13:47:48,402,517808,402.0
2019-06-13 13:47:48,408,518216,408.0
2019-06-13 13:47:49,482,518698,482.0
2019-06-13 13:47:49,654,519352,654.0
2019-06-13 13:47:50,598,519950,598.0
2019-06-13 13:47:50,515,520465,515.0
2019-06-13 13:47:51,482,520947,482.0
2019-06-13 13:47:51,447,521394,447.0
2019-06-13 13:47:52,420,521814,420.0
2019-06-13 13:47:52,403,522217,403.0
2019-06-13 13:47:53,738,522955,
2019-06-13 13:47:53,355,523310,355.0
2019-06-13 13:47:53,339,523649,339.0
2019-06-13 13:47:53,322,523971,322.0
2019-06-13 13:47:54,308,524279,308.0
2019-06-13 13:47:54,301,524580,301.0
2019-06-13 13:47:54,293,524873,293.0
2019-06-13 13:47:55,289,525162,289.0
2019-06-13 13:47:55,284,525446,284.0
2019-06-13 13:47:55,278,525724,278.0
2019-06-13 13:47:55,273,525997,273.0
2019-06-13 13:47:56,277,526274,277.0
2019-06-13 13:47:56,286,526560,286.0
2019-06-13 13:47:56,297,526857,297.0
2019-06-13 13:47:57,292,527149,292.0
2019-06-13 13:47:57,303,527452,303.0
2019-06-13 13:47:57,299,527751,299.0
2019-06-13 13:47:57,301,528052,301.0
2019-06-13 13:47:58,299,528351,299.0
2019-06-13 13:47:58,297,528648,297.0
2019-06-13 13:47:58,305,528953,305.0
2019-06-13 13:47:59,299,529252,299.0
2019-06-13 13:47:59,306,529558,306.0
2019-06-13 13:47:59,311,529869,311.0
2019-06-13 13:48:00,357,530226,357.0
2019-06-13 13:48:00,368,530594,368.0
2019-06-13 13:48:01,370,530964,370.0
2019-06-13 13:48:01,356,531320,356.0
2019-06-13 13:48:01,339,531659,339.0
2019-06-13 13:48:02,318,531977,318.0
2019-06-13 13:48:02,324,532301,324.0
2019-06-13 13:48:02,322,532623,322.0
2019-06-13 13:48:03,327,532950,327.0
2019-06-13 13:48:03,345,533295,345.0
2019-06-13 13:48:03,367,533662,367.0
2019-06-13 13:48:04,412,534074,412.0
2019-06-13 13:48:04,382,534456,382.0
2019-06-13 13:48:05,387,534843,387.0
2019-06-13 13:48:05,387,535230,387.0
2019-06-13 13:48:05,400,535630,400.0
2019-06-13 13:48:06,411,536041,411.0
2019-06-13 13:48:06,411,536452,411.0
2019-06-13 13:48:07,436,536888,436.0
2019-06-13 13:48:07,458,537346,458.0
2019-06-13 13:48:08,504,537850,504.0
2019-06-13 13:48:08,512,538362,512.0
2019-06-13 13:48:09,527,538889,527.0
2019-06-13 13:48:09,579,539468,579.0
2019-06-13 13:48:10,482,539950,482.0
2019-06-13 13:48:10,450,540400,450.0
2019-06-13 13:48:12,429,540829,429.0
2019-06-13 13:48:12,419,541248,419.0
2019-06-13 13:48:12,433,541681,433.0
2019-06-13 13:48:12,468,542149,468.0
2019-06-13 13:48:12,508,542657,508.0
2019-06-13 13:48:13,460,543117,460.0
2019-06-13 13:48:13,446,543563,446.0
2019-06-13 13:48:14,437,544000,437.0
2019-06-13 13:48:14,437,544437,437.0
2019-06-13 13:48:15,435,544872,435.0
2019-06-13 13:48:15,459,545331,459.0
2019-06-13 13:48:16,467,545798,467.0
2019-06-13 13:48:16,531,546329,531.0
2019-06-13 13:48:17,574,546903,574.0
2019-06-13 13:48:18,625,547528,625.0
2019-06-13 13:48:18,623,548151,623.0
2019-06-13 13:48:19,664,548815,
2019-06-13 13:48:19,538,549353,538.0
2019-06-13 13:48:20,502,549855,502.0
2019-06-13 13:48:20,464,550319,464.0
2019-06-13 13:48:20,435,550754,435.0
2019-06-13 13:48:21,415,551169,415.0
2019-06-13 13:48:21,411,551580,411.0
2019-06-13 13:48:22,413,551993,413.0
2019-06-13 13:48:22,422,552415,422.0
2019-06-13 13:48:23,420,552835,420.0
2019-06-13 13:48:23,425,553260,425.0
2019-06-13 13:48:23,421,553681,421.0
2019-06-13 13:48:24,407,554088,407.0
2019-06-13 13:48:24,403,554491,403.0
2019-06-13 13:48:25,405,554896,405.0
2019-06-13 13:48:25,401,555297,401.0
2019-06-13 13:48:25,395,555692,395.0
2019-06-13 13:48:26,377,556069,377.0
2019-06-13 13:48:26,367,556436,367.0
2019-06-13 13:48:26,377,556813,377.0
2019-06-13 13:48:27,381,557194,381.0
2019-06-13 13:48:27,380,557574,380.0
2019-06-13 13:48:28,384,557958,384.0
2019-06-13 13:48:28,387,558345,387.0
2019-06-13 13:48:28,391,558736,391.0
2019-06-13 13:48:29,388,559124,388.0
2019-06-13 13:48:29,388,559512,388.0
2019-06-13 13:48:30,389,559901,389.0
2019-06-13 13:48:30,378,560279,378.0
2019-06-13 13:48:30,367,560646,367.0
2019-06-13 13:48:31,357,561003,357.0
2019-06-13 13:48:31,346,561349,346.0
2019-06-13 13:48:31,342,561691,342.0
2019-06-13 13:48:32,331,562022,331.0
2019-06-13 13:48:32,329,562351,329.0
2019-06-13 13:48:32,323,562674,323.0
2019-06-13 13:48:33,322,562996,322.0
2019-06-13 13:48:33,330,563326,330.0
2019-06-13 13:48:33,330,563656,330.0
2019-06-13 13:48:34,323,563979,323.0
2019-06-13 13:48:34,321,564300,321.0
2019-06-13 13:48:34,321,564621,321.0
2019-06-13 13:48:34,319,564940,319.0
2019-06-13 13:48:35,317,565257,317.0
2019-06-13 13:48:35,319,565576,319.0
2019-06-13 13:48:35,324,565900,324.0
2019-06-13 13:48:36,331,566231,331.0
2019-06-13 13:48:36,363,566594,363.0
2019-06-13 13:48:37,394,566988,394.0
2019-06-13 13:48:37,437,567425,437.0
2019-06-13 13:48:38,423,567848,423.0
2019-06-13 13:48:38,458,568306,458.0
2019-06-13 13:48:39,498,568804,498.0
2019-06-13 13:48:39,502,569306,502.0
2019-06-13 13:48:40,470,569776,470.0
2019-06-13 13:48:40,511,570287,511.0
2019-06-13 13:48:41,452,570739,452.0
2019-06-13 13:48:41,436,571175,436.0
2019-06-13 13:48:41,427,571602,427.0
2019-06-13 13:48:42,419,572021,419.0
2019-06-13 13:48:42,456,572477,456.0
2019-06-13 13:48:43,437,572914,437.0
2019-06-13 13:48:43,420,573334,420.0
2019-06-13 13:48:43,416,573750,416.0
2019-06-13 13:48:44,416,574166,416.0
2019-06-13 13:48:44,415,574581,415.0
2019-06-13 13:48:45,429,575010,429.0
2019-06-13 13:48:46,537,575547,537.0
2019-06-13 13:48:46,511,576058,511.0
2019-06-13 13:48:47,540,576598,540.0
2019-06-13 13:48:47,493,577091,493.0
2019-06-13 13:48:48,761,577852,
2019-06-13 13:48:49,685,578537,685.0
2019-06-13 13:48:49,581,579118,581.0
2019-06-13 13:48:50,625,579743,625.0
2019-06-13 13:48:50,620,580363,620.0
2019-06-13 13:48:51,519,580882,519.0
2019-06-13 13:48:51,470,581352,470.0
2019-06-13 13:48:52,454,581806,454.0
2019-06-13 13:48:52,433,582239,433.0
2019-06-13 13:48:52,437,582676,437.0
2019-06-13 13:48:53,439,583115,439.0
2019-06-13 13:48:53,424,583539,424.0
2019-06-13 13:48:54,414,583953,414.0
2019-06-13 13:48:54,409,584362,409.0
2019-06-13 13:48:55,412,584774,412.0
2019-06-13 13:48:55,436,585210,436.0
2019-06-13 13:48:56,456,585666,456.0
2019-06-13 13:48:56,478,586144,478.0
2019-06-13 13:48:57,533,586677,533.0
2019-06-13 13:48:57,586,587263,586.0
2019-06-13 13:48:58,626,587889,626.0
2019-06-13 13:48:59,664,588553,664.0
2019-06-13 13:48:59,539,589092,539.0
2019-06-13 13:49:00,721,589813,721.0
2019-06-13 13:49:00,491,590304,491.0
2019-06-13 13:49:01,453,590757,453.0
2019-06-13 13:49:01,433,591190,433.0
2019-06-13 13:49:02,433,591623,433.0
2019-06-13 13:49:02,474,592097,474.0
2019-06-13 13:49:03,594,592691,594.0
2019-06-13 13:49:03,561,593252,561.0
2019-06-13 13:49:04,588,593840,588.0
2019-06-13 13:49:05,633,594473,633.0
2019-06-13 13:49:06,519,594992,519.0
2019-06-13 13:49:07,909,595901,909.0
2019-06-13 13:49:07,966,596867,966.0
2019-06-13 13:49:08,723,597590,723.0
2019-06-13 13:49:08,708,598298,708.0
2019-06-13 13:49:09,626,598924,626.0
2019-06-13 13:49:09,559,599483,559.0
2019-06-13 13:49:10,532,600015,532.0
2019-06-13 13:49:11,522,600537,522.0
2019-06-13 13:49:11,533,601070,533.0
2019-06-13 13:49:12,553,601623,553.0
2019-06-13 13:49:12,596,602219,596.0
2019-06-13 13:49:13,600,602819,600.0
2019-06-13 13:49:14,600,603419,600.0
2019-06-13 13:49:14,629,604048,629.0
2019-06-13 13:49:15,528,604576,528.0
2019-06-13 13:49:16,858,605434,858.0
2019-06-13 13:49:16,521,605955,521.0
2019-06-13 13:49:17,898,606853,898.0
2019-06-13 13:49:18,515,607368,515.0
2019-06-13 13:49:18,885,608253,885.0
2019-06-13 13:49:19,763,609016,763.0
2019-06-13 13:49:19,540,609556,540.0
2019-06-13 13:49:20,540,610096,540.0
2019-06-13 13:49:20,309,610405,309.0
2019-06-13 13:49:21,509,610914,509.0
2019-06-13 13:49:21,439,611353,439.0
2019-06-13 13:49:23,471,611824,471.0
2019-06-13 13:49:23,500,612324,500.0
2019-06-13 13:49:23,482,612806,482.0
2019-06-13 13:49:23,487,613293,487.0
2019-06-13 13:49:24,490,613783,490.0
2019-06-13 13:49:24,499,614282,499.0
2019-06-13 13:49:25,549,614831,549.0
2019-06-13 13:49:26,652,615483,652.0
2019-06-13 13:49:26,689,616172,689.0
2019-06-13 13:49:27,646,616818,646.0
2019-06-13 13:49:28,483,617301,483.0
2019-06-13 13:49:29,914,618215,914.0
2019-06-13 13:49:29,484,618699,484.0
2019-06-13 13:49:30,931,619630,931.0
2019-06-13 13:49:30,474,620104,474.0
2019-06-13 13:49:31,924,621028,924.0
2019-06-13 13:49:32,496,621524,496.0
2019-06-13 13:49:33,862,622386,862.0
2019-06-13 13:49:35,857,623243,857.0
2019-06-13 13:49:35,887,624130,887.0
2019-06-13 13:49:36,808,624938,808.0
2019-06-13 13:49:36,621,625559,621.0
2019-06-13 13:49:37,884,626443,884.0
2019-06-13 13:49:38,663,627106,663.0
2019-06-13 13:49:39,871,627977,871.0
2019-06-13 13:49:40,868,628845,868.0
2019-06-13 13:49:40,733,629578,733.0
2019-06-13 13:49:41,983,630561,983.0
2019-06-13 13:49:42,644,631205,644.0
2019-06-13 13:49:42,970,632175,970.0
2019-06-13 13:49:43,658,632833,658.0
2019-06-13 13:49:44,666,633499,666.0
2019-06-13 13:49:45,785,634284,785.0
2019-06-13 13:49:45,902,635186,902.0
2019-06-13 13:49:46,635,635821,635.0
2019-06-13 13:49:47,712,636533,712.0
2019-06-13 13:49:47,569,637102,569.0
2019-06-13 13:49:48,665,637767,665.0
2019-06-13 13:49:49,674,638441,674.0
2019-06-13 13:49:49,607,639048,607.0
2019-06-13 13:49:50,557,639605,557.0
2019-06-13 13:49:50,577,640182,577.0
2019-06-13 13:49:51,607,640789,607.0
2019-06-13 13:49:52,659,641448,659.0
2019-06-13 13:49:52,613,642061,613.0
2019-06-13 13:49:53,600,642661,600.0
2019-06-13 13:49:54,662,643323,662.0
2019-06-13 13:49:54,720,644043,720.0
2019-06-13 13:49:54,552,644595,552.0
2019-06-13 13:49:55,488,645083,488.0
2019-06-13 13:49:55,448,645531,448.0
2019-06-13 13:49:56,425,645956,425.0
2019-06-13 13:49:56,407,646363,407.0
2019-06-13 13:49:56,409,646772,409.0
2019-06-13 13:49:57,398,647170,398.0
2019-06-13 13:49:57,388,647558,388.0
2019-06-13 13:49:58,382,647940,382.0
2019-06-13 13:49:58,362,648302,362.0
2019-06-13 13:49:58,353,648655,353.0
2019-06-13 13:49:59,336,648991,336.0
2019-06-13 13:49:59,329,649320,329.0
2019-06-13 13:49:59,318,649638,318.0
2019-06-13 13:49:59,308,649946,308.0
2019-06-13 13:50:00,304,650250,304.0
2019-06-13 13:50:00,297,650547,297.0
2019-06-13 13:50:00,291,650838,291.0
2019-06-13 13:50:01,289,651127,289.0
2019-06-13 13:50:01,286,651413,286.0
2019-06-13 13:50:01,283,651696,283.0
2019-06-13 13:50:01,277,651973,277.0
2019-06-13 13:50:02,278,652251,278.0
2019-06-13 13:50:02,278,652529,278.0
2019-06-13 13:50:02,275,652804,275.0
2019-06-13 13:50:03,272,653076,272.0
2019-06-13 13:50:03,269,653345,269.0
2019-06-13 13:50:03,268,653613,268.0
2019-06-13 13:50:03,270,653883,270.0
2019-06-13 13:50:04,268,654151,268.0
2019-06-13 13:50:04,265,654416,265.0
2019-06-13 13:50:04,265,654681,265.0
2019-06-13 13:50:04,264,654945,264.0
2019-06-13 13:50:05,262,655207,262.0
2019-06-13 13:50:05,260,655467,260.0
2019-06-13 13:50:05,261,655728,261.0
2019-06-13 13:50:05,262,655990,262.0
2019-06-13 13:50:06,265,656255,265.0
2019-06-13 13:50:06,266,656521,266.0
2019-06-13 13:50:06,278,656799,278.0
2019-06-13 13:50:07,286,657085,286.0
2019-06-13 13:50:07,291,657376,291.0
2019-06-13 13:50:07,294,657670,294.0
2019-06-13 13:50:08,299,657969,299.0
2019-06-13 13:50:08,315,658284,315.0
2019-06-13 13:50:08,309,658593,309.0
2019-06-13 13:50:08,298,658891,298.0
2019-06-13 13:50:09,300,659191,300.0
2019-06-13 13:50:09,291,659482,291.0
2019-06-13 13:50:09,287,659769,287.0
2019-06-13 13:50:10,286,660055,286.0
2019-06-13 13:50:10,284,660339,284.0
2019-06-13 13:50:10,286,660625,286.0
2019-06-13 13:50:10,285,660910,285.0
2019-06-13 13:50:11,282,661192,282.0
2019-06-13 13:50:11,275,661467,275.0
2019-06-13 13:50:11,275,661742,275.0
2019-06-13 13:50:12,281,662023,281.0
2019-06-13 13:50:12,285,662308,285.0
2019-06-13 13:50:13,370,662678,370.0
2019-06-13 13:50:13,388,663066,388.0
2019-06-13 13:50:15,439,663505,439.0
2019-06-13 13:50:15,553,664058,553.0
2019-06-13 13:50:16,539,664597,539.0
2019-06-13 13:50:16,511,665108,511.0
2019-06-13 13:50:17,540,665648,540.0
2019-06-13 13:50:17,551,666199,551.0
2019-06-13 13:50:17,562,666761,562.0
2019-06-13 13:50:18,568,667329,568.0
2019-06-13 13:50:18,599,667928,599.0
2019-06-13 13:50:20,603,668531,603.0
2019-06-13 13:50:20,574,669105,574.0
2019-06-13 13:50:21,565,669670,565.0
2019-06-13 13:50:21,660,670330,660.0
2019-06-13 13:50:23,783,671113,783.0
2019-06-13 13:50:23,667,671780,667.0
2019-06-13 13:50:24,903,672683,903.0
2019-06-13 13:50:25,486,673169,486.0
2019-06-13 13:50:25,967,674136,967.0
2019-06-13 13:50:25,753,674889,753.0
2019-06-13 13:50:26,630,675519,630.0
2019-06-13 13:50:27,869,676388,869.0
2019-06-13 13:50:27,878,677266,878.0
2019-06-13 13:50:28,680,677946,680.0
2019-06-13 13:50:29,562,678508,562.0
2019-06-13 13:50:29,538,679046,538.0
2019-06-13 13:50:30,603,679649,603.0
2019-06-13 13:50:31,587,680236,587.0
2019-06-13 13:50:32,936,681172,936.0
2019-06-13 13:50:33,674,681846,674.0
2019-06-13 13:50:34,922,682768,922.0
2019-06-13 13:50:34,771,683539,771.0
2019-06-13 13:50:35,1066,684605,1066.0
2019-06-13 13:50:36,619,685224,619.0
2019-06-13 13:50:37,875,686099,875.0
2019-06-13 13:50:37,599,686698,599.0
2019-06-13 13:50:38,1010,687708,1010.0
2019-06-13 13:50:40,673,688381,673.0
2019-06-13 13:50:40,613,688994,613.0
2019-06-13 13:50:41,1093,690087,1093.0
2019-06-13 13:50:41,612,690699,612.0
2019-06-13 13:50:42,780,691479,780.0
2019-06-13 13:50:43,806,692285,806.0
2019-06-13 13:50:44,604,692889,604.0
2019-06-13 13:50:44,1174,694063,1174.0
2019-06-13 13:50:45,625,694688,625.0
2019-06-13 13:50:46,659,695347,659.0
2019-06-13 13:50:46,936,696283,936.0
2019-06-13 13:50:47,579,696862,579.0
2019-06-13 13:50:47,497,697359,497.0
2019-06-13 13:50:48,488,697847,488.0
2019-06-13 13:50:49,512,698359,512.0
2019-06-13 13:50:50,510,698869,510.0
2019-06-13 13:50:50,1089,699958,1089.0
2019-06-13 13:50:51,665,700623,665.0
2019-06-13 13:50:52,743,701366,743.0
2019-06-13 13:50:53,1060,702426,1060.0
2019-06-13 13:50:54,658,703084,658.0
2019-06-13 13:50:55,831,703915,831.0
2019-06-13 13:50:55,992,704907,992.0
2019-06-13 13:50:56,650,705557,650.0
2019-06-13 13:50:57,666,706223,666.0
2019-06-13 13:50:58,1126,707349,1126.0
2019-06-13 13:51:00,605,707954,605.0
2019-06-13 13:51:00,624,708578,624.0
2019-06-13 13:51:00,1047,709625,1047.0
2019-06-13 13:51:01,589,710214,589.0
2019-06-13 13:51:01,553,710767,553.0
2019-06-13 13:51:02,1013,711780,1013.0
2019-06-13 13:51:03,596,712376,596.0
2019-06-13 13:51:04,644,713020,644.0
2019-06-13 13:51:04,1065,714085,1065.0
2019-06-13 13:51:05,582,714667,582.0
2019-06-13 13:51:05,530,715197,530.0
2019-06-13 13:51:06,521,715718,521.0
2019-06-13 13:51:06,485,716203,485.0
2019-06-13 13:51:07,466,716669,466.0
2019-06-13 13:51:07,471,717140,471.0
2019-06-13 13:51:07,456,717596,456.0
2019-06-13 13:51:08,441,718037,441.0
2019-06-13 13:51:08,436,718473,436.0
2019-06-13 13:51:09,425,718898,425.0
2019-06-13 13:51:09,407,719305,407.0
2019-06-13 13:51:09,385,719690,385.0
2019-06-13 13:51:10,374,720064,374.0
2019-06-13 13:51:10,359,720423,359.0
2019-06-13 13:51:10,347,720770,347.0
2019-06-13 13:51:11,339,721109,339.0
2019-06-13 13:51:11,330,721439,330.0
2019-06-13 13:51:11,324,721763,324.0
2019-06-13 13:51:12,323,722086,323.0
2019-06-13 13:51:12,318,722404,318.0
2019-06-13 13:51:12,314,722718,314.0
2019-06-13 13:51:13,322,723040,322.0
2019-06-13 13:51:13,313,723353,313.0
2019-06-13 13:51:13,319,723672,319.0
2019-06-13 13:51:14,312,723984,312.0
2019-06-13 13:51:14,330,724314,330.0
2019-06-13 13:51:14,321,724635,321.0
2019-06-13 13:51:15,321,724956,321.0
2019-06-13 13:51:15,317,725273,317.0
2019-06-13 13:51:15,326,725599,326.0
2019-06-13 13:51:16,315,725914,315.0
2019-06-13 13:51:16,312,726226,312.0
2019-06-13 13:51:16,309,726535,309.0
2019-06-13 13:51:16,308,726843,308.0
2019-06-13 13:51:17,302,727145,302.0
2019-06-13 13:51:17,300,727445,300.0
2019-06-13 13:51:17,300,727745,300.0
2019-06-13 13:51:18,297,728042,297.0
2019-06-13 13:51:18,299,728341,299.0
2019-06-13 13:51:18,297,728638,297.0
2019-06-13 13:51:19,296,728934,296.0
2019-06-13 13:51:19,295,729229,295.0
2019-06-13 13:51:19,296,729525,296.0
2019-06-13 13:51:19,294,729819,294.0
2019-06-13 13:51:20,293,730112,293.0
2019-06-13 13:51:20,292,730404,292.0
2019-06-13 13:51:20,295,730699,295.0
2019-06-13 13:51:21,292,730991,292.0
2019-06-13 13:51:21,292,731283,292.0
2019-06-13 13:51:21,299,731582,299.0
2019-06-13 13:51:22,296,731878,296.0
2019-06-13 13:51:22,297,732175,297.0
2019-06-13 13:51:22,296,732471,296.0
2019-06-13 13:51:22,295,732766,295.0
2019-06-13 13:51:23,294,733060,294.0
2019-06-13 13:51:23,294,733354,294.0
2019-06-13 13:51:23,298,733652,298.0
2019-06-13 13:51:24,302,733954,302.0
2019-06-13 13:51:24,300,734254,300.0
2019-06-13 13:51:24,310,734564,310.0
2019-06-13 13:51:25,316,734880,316.0
2019-06-13 13:51:25,313,735193,313.0
2019-06-13 13:51:25,304,735497,304.0
2019-06-13 13:51:25,303,735800,303.0
2019-06-13 13:51:26,308,736108,308.0
2019-06-13 13:51:26,331,736439,331.0
2019-06-13 13:51:27,376,736815,376.0
2019-06-13 13:51:27,382,737197,382.0
2019-06-13 13:51:27,385,737582,385.0
2019-06-13 13:51:28,390,737972,390.0
2019-06-13 13:51:28,390,738362,390.0
2019-06-13 13:51:29,374,738736,374.0
2019-06-13 13:51:29,379,739115,379.0
2019-06-13 13:51:29,373,739488,373.0
2019-06-13 13:51:30,369,739857,369.0
2019-06-13 13:51:30,396,740253,396.0
2019-06-13 13:51:31,404,740657,404.0
2019-06-13 13:51:31,444,741101,444.0
2019-06-13 13:51:32,492,741593,492.0
2019-06-13 13:51:32,578,742171,578.0
2019-06-13 13:51:33,649,742820,649.0
2019-06-13 13:51:34,570,743390,570.0
2019-06-13 13:51:34,586,743976,586.0
2019-06-13 13:51:35,612,744588,612.0
2019-06-13 13:51:35,620,745208,620.0
2019-06-13 13:51:36,574,745782,574.0
2019-06-13 13:51:37,641,746423,641.0
2019-06-13 13:51:37,537,746960,537.0
2019-06-13 13:51:38,570,747530,570.0
2019-06-13 13:51:38,544,748074,544.0
2019-06-13 13:51:39,504,748578,504.0
2019-06-13 13:51:39,468,749046,468.0
2019-06-13 13:51:40,458,749504,458.0
2019-06-13 13:51:40,501,750005,501.0
2019-06-13 13:51:41,517,750522,517.0
2019-06-13 13:51:41,547,751069,547.0
2019-06-13 13:51:42,569,751638,569.0
2019-06-13 13:51:42,528,752166,528.0
2019-06-13 13:51:43,487,752653,487.0
2019-06-13 13:51:43,460,753113,460.0
2019-06-13 13:51:44,449,753562,449.0
2019-06-13 13:51:44,434,753996,434.0
2019-06-13 13:51:44,437,754433,437.0
2019-06-13 13:51:45,465,754898,465.0
2019-06-13 13:51:45,458,755356,458.0
2019-06-13 13:51:46,479,755835,479.0
2019-06-13 13:51:46,500,756335,500.0
2019-06-13 13:51:47,465,756800,465.0
2019-06-13 13:51:47,450,757250,450.0
2019-06-13 13:51:48,425,757675,425.0
2019-06-13 13:51:48,403,758078,403.0
2019-06-13 13:51:48,382,758460,382.0
2019-06-13 13:51:49,358,758818,358.0
2019-06-13 13:51:49,346,759164,346.0
2019-06-13 13:51:49,334,759498,334.0
2019-06-13 13:51:50,333,759831,333.0
2019-06-13 13:51:50,333,760164,333.0
2019-06-13 13:51:50,342,760506,342.0
2019-06-13 13:51:51,343,760849,343.0
2019-06-13 13:51:51,358,761207,358.0
2019-06-13 13:51:51,355,761562,355.0
2019-06-13 13:51:52,360,761922,360.0
2019-06-13 13:51:52,368,762290,368.0
2019-06-13 13:51:52,359,762649,359.0
2019-06-13 13:51:53,346,762995,346.0
2019-06-13 13:51:53,343,763338,343.0
2019-06-13 13:51:53,333,763671,333.0
2019-06-13 13:51:54,335,764006,335.0
2019-06-13 13:51:54,329,764335,329.0
2019-06-13 13:51:54,328,764663,328.0
2019-06-13 13:51:55,320,764983,320.0
2019-06-13 13:51:55,322,765305,322.0
2019-06-13 13:51:55,322,765627,322.0
2019-06-13 13:51:56,316,765943,316.0
2019-06-13 13:51:56,313,766256,313.0
2019-06-13 13:51:56,315,766571,315.0
2019-06-13 13:51:57,313,766884,313.0
2019-06-13 13:51:57,307,767191,307.0
2019-06-13 13:51:57,314,767505,314.0
2019-06-13 13:51:58,313,767818,313.0
2019-06-13 13:51:58,314,768132,314.0
2019-06-13 13:51:58,316,768448,316.0
2019-06-13 13:51:59,328,768776,328.0
2019-06-13 13:51:59,331,769107,331.0
2019-06-13 13:51:59,320,769427,320.0
2019-06-13 13:52:00,332,769759,332.0
2019-06-13 13:52:00,347,770106,347.0
2019-06-13 13:52:00,358,770464,358.0
2019-06-13 13:52:01,351,770815,351.0
2019-06-13 13:52:01,341,771156,341.0
2019-06-13 13:52:01,344,771500,344.0
2019-06-13 13:52:02,352,771852,352.0
2019-06-13 13:52:02,344,772196,344.0
2019-06-13 13:52:02,359,772555,359.0
2019-06-13 13:52:03,372,772927,372.0
2019-06-13 13:52:03,386,773313,386.0
2019-06-13 13:52:04,386,773699,386.0
2019-06-13 13:52:04,406,774105,406.0
2019-06-13 13:52:04,400,774505,400.0
2019-06-13 13:52:05,411,774916,411.0
2019-06-13 13:52:05,423,775339,423.0
2019-06-13 13:52:06,413,775752,413.0
2019-06-13 13:52:06,422,776174,422.0
2019-06-13 13:52:06,409,776583,409.0
2019-06-13 13:52:07,406,776989,406.0
2019-06-13 13:52:07,400,777389,400.0
2019-06-13 13:52:08,397,777786,397.0
2019-06-13 13:52:08,387,778173,387.0
2019-06-13 13:52:08,378,778551,378.0
2019-06-13 13:52:09,375,778926,375.0
2019-06-13 13:52:09,374,779300,374.0
2019-06-13 13:52:10,382,779682,382.0
2019-06-13 13:52:10,397,780079,397.0
2019-06-13 13:52:10,412,780491,412.0
2019-06-13 13:52:11,423,780914,423.0
2019-06-13 13:52:11,435,781349,435.0
2019-06-13 13:52:12,421,781770,421.0
2019-06-13 13:52:12,419,782189,419.0
2019-06-13 13:52:13,427,782616,427.0
2019-06-13 13:52:13,423,783039,423.0
2019-06-13 13:52:13,416,783455,416.0
2019-06-13 13:52:14,414,783869,414.0
2019-06-13 13:52:14,409,784278,409.0
2019-06-13 13:52:15,400,784678,400.0
2019-06-13 13:52:15,393,785071,393.0
2019-06-13 13:52:15,392,785463,392.0
2019-06-13 13:52:16,383,785846,383.0
2019-06-13 13:52:16,375,786221,375.0
2019-06-13 13:52:16,360,786581,360.0
2019-06-13 13:52:17,360,786941,360.0
2019-06-13 13:52:17,333,787274,333.0
2019-06-13 13:52:17,333,787607,333.0
2019-06-13 13:52:18,346,787953,346.0
2019-06-13 13:52:18,344,788297,344.0
2019-06-13 13:52:18,342,788639,342.0
2019-06-13 13:52:19,339,788978,339.0
2019-06-13 13:52:19,334,789312,334.0
2019-06-13 13:52:19,328,789640,328.0
2019-06-13 13:52:20,327,789967,327.0
2019-06-13 13:52:20,335,790302,335.0
2019-06-13 13:52:21,368,790670,368.0
2019-06-13 13:52:21,388,791058,388.0
2019-06-13 13:52:21,389,791447,389.0
2019-06-13 13:52:22,383,791830,383.0
2019-06-13 13:52:22,396,792226,396.0
